9780.40
9183.33
8657.54
6331.58
205.77
4744.62
3236.57
6652.91
838.04
5376.73
898.40
5539.61
3892.11
3952.35
545.03
6733.08
6369.10
2213.36
6316.41
537.95
1016.51
578.00
6130.00
362.03
762.67
8028.11
6468.25
2297.19
2780.11
7965.23
1882.06
3681.25
7270.52
754.61
2430.46
8097.40
4182.52
2684.36
1375.40
9374.00
1259.39
1795.05
5280.32
4766.34
651.46
3326.36
967.16
7150.89
686.55
9276.61
8270.20
9165.42
2368.75
5439.08
4117.35
2527.48
3810.55
219.03
7310.20
5898.05
7066.20
939.26
5264.87
7932.31
4142.39
7629.85
4213.37
2260.56
957.25
2433.82
4140.35
4260.82
3687.56
6062.15
1640.71
4246.80
4304.01
9853.10
6878.25
1348.99
657.96
5948.73
3579.83
5965.18
7430.07
9244.86
5867.38
1847.91
4417.86
8531.47
291.19
8424.51
1206.28
6634.59
5321.91
1084.82
4269.21
8048.27
1559.08
1698.08
1987.27
5126.42
1131.97
5391.02
3321.57
514.34
1626.85
8185.55
2099.79
1532.45
4744.65
6429.15
2810.12
1427.81
7985.69
9242.87
3083.97
4089.68
9172.19
7828.87
8742.21
2418.37
2482.77
5042.71
5104.32
1242.01
3940.78
3968.10
2369.03
8332.58
5634.57
5677.90
8503.31
1052.44
1101.98
4926.35
1745.94
1101.47
8806.87
7177.91
2133.04
7211.50
1876.52
1419.28
2826.99
227.47
9154.71
6451.34
1518.15
5686.08
8206.12
821.40
8258.99
1562.80
8412.62
4536.56
3353.47
1801.48
2161.57
6568.68
2316.71
2256.31
2296.34
7076.42
6425.67
4113.62
6416.26
4177.80
4160.61
4625.84
2060.04
966.45
7188.16
4891.44
7506.54
4493.46
2768.01
8779.18
61.60
5896.54
1312.13
8900.05
3531.60
7562.39
1891.12
3723.00
2383.63
2074.18
8624.05
7273.48
9104.87
4180.55
1597.99
3372.48
5480.07
9624.18
5289.77
1831.26
3062.86
8072.16
2148.80
9806.63
2189.12
7374.16
8130.72
1723.67
1715.55
9140.30
2780.83
4364.54
2834.59
2266.63
5727.25
6674.44
2090.64
1172.55
6651.68
7507.38
3389.79
3673.53
9973.18
4697.66
5810.12
4021.55
8549.71
5457.31
5507.54
8967.60
1016.87
8109.75
3407.01
2388.40
8143.82
3442.15
840.75
3379.92
2207.11
171.75
965.92
767.55
2159.87
644.67
1522.79
9400.25
573.37
8336.27
1675.66
8386.40
3161.28
3444.84
4037.34
4500.70
5608.86
265.49
6934.56
9690.68
659.93
7598.15
6311.09
1603.23
7605.45
3235.05
6201.75
7588.98
3728.51
7023.93
4349.38
2340.73
281.21
4619.40
8106.80
8398.45
9352.47
437.54
2716.41
9218.25
3577.52
5134.40
6463.00
9556.02
1197.31
5677.48
552.60
3339.64
1818.58
3785.61
748.64
2867.11
4566.51
8035.57
8214.55
411.83
3744.73
8346.93
1046.65
6680.53
6872.52
7348.91
8829.60
1233.48
9602.10
300.19
4066.55
1905.76
887.39
7406.26
7696.87
24.26
8851.22
3629.50
4245.45
4186.62
4152.69
9198.54
2772.81
2590.11
4041.29
8682.83
9140.59
7152.19
2225.84
3088.91
7919.56
4656.61
3434.17
960.29
9461.05
7361.17
6390.03
7601.63
7846.21
7882.51
6569.67
1597.15
1691.34
312.72
2444.25
8832.43
8590.40
2043.76
5820.47
2300.42
4733.97
2628.54
9033.51
8151.08
9691.98
6574.08
6872.48
4763.77
383.53
6994.76
4737.44
6533.71
5747.29
7216.32
2593.04
7751.59
8278.89
941.54
249.38
2887.40
5818.81
9264.69
5662.31
6510.53
215.16
1796.46
551.87
8377.54
1142.08
809.39
1363.48
475.82
2951.37
1619.73
9232.67
3065.04
1148.30
2153.98
212.13
8220.25
6364.38
3224.47
2360.71
4691.68
5632.73
1821.52
759.11
6239.75
9017.84
9582.77
4500.05
6389.39
8008.53
1506.03
513.58
6655.71
4181.89
9844.53
3657.84
6091.18
249.47
3780.00
440.60
3866.92
8612.96
4278.16
4525.27
2547.13
3367.81
3649.41
3119.38
6094.58
891.23
290.50
6196.18
8569.02
7896.36
4118.61
1083.64
326.87
1279.83
1827.49
7108.06
7675.91
1601.31
3280.06
8371.57
7265.23
5589.17
7096.37
8289.65
5637.15
1654.66
2028.22
4395.99
7338.39
3971.18
109.76
5537.54
7125.95
8957.72
694.81
6567.22
7343.25
3084.67
4560.87
968.88
7255.10
9243.50
604.15
3102.09
7534.89
1047.88
2605.14
9659.55
5465.79
4628.26
3483.15
99.46
2722.84
4520.20
5345.23
7359.56
7064.05
3021.20
239.53
956.38
1066.40
1508.35
3929.90
2043.93
943.91
4141.37
4838.46
6847.77
1777.53
1216.46
4947.73
3313.37
6222.79
9991.63
4157.55
9967.37
1766.56
6225.21
5994.73
7352.55
6560.38
1505.67
3553.49
5713.35
1029.42
1900.31
4461.18
5700.71
6802.68
7327.85
3951.26
5932.60
2682.97
6247.96
777.77
7435.66
8994.92
1527.30
1251.81
6628.72
52.25
2710.52
5049.45
5185.02
93.45
4078.44
4043.72
8445.61
3310.16
7261.90
1388.00
9003.86
6910.49
264.64
9620.09
6078.11
3799.02
6115.69
6238.18
687.73
9365.01
6699.17
6155.87
9818.33
5130.28
2364.59
8237.46
8721.15
5421.70
7339.55
5948.13
503.50
1974.04
302.30
2085.81
454.01
4340.28
1822.72
373.71
1691.71
3303.78
9292.13
7330.29
2580.85
8854.78
5321.79
355.49
8441.83
6265.55
5325.34
548.27
9920.06
1184.79
2417.25
9619.70
3959.77
7739.68
3188.42
3045.47
9294.99
7984.53
1418.30
1330.86
1145.79
9273.71
1416.71
4116.87
3843.76
819.01
9930.47
2412.42
4774.81
2032.00
1069.64
4285.71
6900.99
5573.08
4709.90
4655.71
6434.05
2812.37
7912.11
6413.41
775.35
2307.34
6609.64
4568.90
3313.92
8988.02
126.41
8322.54
8928.59
828.13
9987.61
1715.29
377.71
3452.24
1557.83
1127.78
1989.79
5002.15
5951.86
270.27
5312.50
633.96
2192.30
5260.23
9930.28
2172.71
5611.93
6726.94
7305.51
1439.72
2038.67
9243.01
2549.71
6399.75
7788.42
9304.44
9226.67
8205.32
3739.02
802.54
5481.21
1711.75
5654.31
6737.16
8104.59
3471.10
8148.62
8415.55
6846.12
8746.74
9359.52
5981.13
2840.55
2162.89
1414.51
718.32
7718.24
6300.51
6059.98
7162.55
1918.77
995.65
6086.54
5293.98
6456.42
739.32
5312.83
8517.14
9425.01
3871.08
969.55
3607.51
4265.59
2011.14
7411.44
7947.45
1684.57
1906.25
6693.81
3195.00
2285.33
290.98
4937.61
9656.76
3278.90
4987.24
8333.15
6438.58
1001.51
5828.81
7702.99
171.04
290.21
5014.06
984.04
9971.09
3490.28
4527.83
7695.28
3279.34
2486.46
5312.33
6842.15
3473.02
3134.64
9487.55
2331.20
7745.60
8255.95
6646.85
1848.35
9068.15
5794.77
1490.60
4925.13
560.05
3394.97
9397.60
1703.27
7345.17
8593.62
1173.76
1338.43
1879.47
6052.09
9578.33
9581.37
9534.92
4867.26
2275.91
2601.00
8276.16
6138.07
8242.92
1069.11
750.10
1866.13
1052.04
2173.96
2148.19
5176.57
3034.19
1886.64
480.51
8477.64
587.42
4107.25
6035.07
9109.39
2063.41
6659.42
1985.37
5696.20
7437.68
1385.91
3728.67
916.44
5454.70
8339.86
6620.89
7113.47
7648.01
236.07
1814.26
1724.99
4756.83
8674.21
2176.63
3852.28
8928.87
4009.91
1859.68
2352.05
1726.10
8694.28
5497.41
5055.66
3899.19
9188.91
883.38
7190.25
7737.59
6418.32
8053.31
1126.45
5038.41
8643.85
1845.69
1283.50
1491.87
7340.02
255.59
3142.87
3461.08
1034.06
1348.14
6972.26
567.96
6602.79
3638.65
6101.19
29.43
4063.09
126.34
1605.21
8067.18
544.72
4102.35
2167.72
2436.08
487.65
2447.38
3557.81
324.90
3347.54
1325.30
2849.02
9079.96
1990.23
438.03
7167.99
1223.42
280.21
3078.10
2249.58
610.56
5202.71
7950.75
458.40
7769.30
5412.64
9104.05
2003.45
2115.32
7712.03
2117.29
8377.36
2711.28
4860.87
4360.35
4533.17
5286.15
4708.11
2760.31
2210.53
2879.63
8966.42
2265.46
2451.74
2744.12
2228.80
99.07
3898.16
732.06
2773.92
6882.03
2882.25
1911.09
3172.92
6309.93
9910.09
2076.02
9280.04
1695.54
1336.47
3792.27
1178.07
9385.45
1723.30
5468.34
7147.81
717.56
489.57
687.58
2171.75
9164.58
1838.32
3770.53
107.54
1114.76
2363.29
2834.25
6540.21
7805.64
7028.40
785.68
5749.18
1538.12
1570.62
8261.43
7921.76
1959.00
3905.18
2815.82
8766.16
5378.00
7491.83
1126.86
1536.43
1560.95
4316.04
2530.86
9292.82
9543.67
3060.61
497.75
4045.27
3693.74
1976.31
3285.52
5522.29
1103.30
6937.15
836.83
2958.88
4147.47
1883.59
2998.66
4823.47
6070.95
1223.04
9707.23
1576.48
7894.77
2938.38
5699.88
5279.27
6041.47
4708.27
9956.83
7775.15
197.06
746.05
3703.79
2335.99
2517.50
581.83
187.54
6185.46
6458.20
240.08
5329.73
7580.56
8008.42
8605.32
6318.19
3130.43
8869.06
1249.13
5372.58
3691.15
3118.96
3907.60
2681.60
5417.14
6882.23
5586.85
5590.87
9378.85
420.84
1916.06
810.78
2504.41
7693.22
6455.61
2413.30
8164.91
7704.07
540.29
4381.29
9759.32
6724.18
8935.09
7420.39
5032.37
6757.55
8952.65
2464.48
7857.65
9796.11
3221.59
6754.15
2434.06
1706.05
2534.59
1695.14
1572.00
9145.18
6807.96
5434.32
8007.54
6100.81
586.61
5064.77
1948.23
5601.72
4962.56
1235.65
5052.66
7854.21
1273.18
5784.90
7855.02
7369.10
3979.93
3464.62
7478.62
5895.34
3177.13
8843.38
8786.46
3902.81
583.36
680.93
7514.89
4475.32
6398.14
5950.66
3017.77
221.62
715.21
7326.89
1726.47
5351.60
6878.14
3247.70
8714.84
6322.31
7244.55
3593.02
422.52
8265.93
5805.23
9018.72
1642.19
2123.19
9374.37
3749.34
3670.39
349.57
2864.93
4173.37
9485.35
4549.52
1432.00
3230.97
1781.47
448.36
1181.56
2725.42
185.38
333.04
5037.98
6979.12
9175.26
8527.61
568.11
6734.00
6259.24
5871.27
2355.36
6527.05
7010.90
6152.73
2471.63
9557.64
6975.67
9401.17
3807.35
2177.99
5977.18
1431.54
3214.71
8024.46
1603.91
5944.77
3014.92
5173.50
6163.48
2265.25
6178.62
5684.56
6051.89
5017.07
5581.79
6487.68
6451.73
2364.02
2281.76
6053.91
7189.64
2185.72
2969.33
8998.52
9472.75
2347.95
1527.74
9257.32
7790.10
2932.29
1279.97
3502.50
382.41
1301.41
5809.97
3580.12
402.58
8680.91
1731.66
8124.24
9042.77
1719.60
1533.26
4875.35
2743.88
4498.19
2844.62
8796.41
4961.20
9980.89
1792.47
9812.16
498.06
4046.58
909.94
813.09
8849.47
1299.42
8541.80
3588.02
1639.33
8362.94
476.50
4395.30
2021.63
8504.76
3083.06
3175.03
8604.64
2500.46
2063.96
7315.75
8580.33
5912.79
2079.98
1195.28
1542.75
4310.08
5401.37
8769.68
5266.09
5345.09
2493.54
8540.02
3257.72
3856.34
8847.49
2628.55
7028.66
9375.83
3770.49
7176.73
2459.98
9421.68
5400.38
2376.99
1343.88
735.41
9387.78
2763.67
5937.90
7995.46
7640.37
9898.08
392.68
6638.44
727.05
227.26
1807.40
1911.87
980.71
2119.32
1540.74
1578.35
1392.67
3612.21
7227.97
398.23
8608.80
7020.22
2281.09
5487.00
1085.38
5492.33
6105.23
1756.59
1970.22
1350.34
9018.04
9306.67
7154.82
9143.73
2351.27
9376.44
5712.98
8338.13
942.50
6537.31
6773.91
99.09
4818.25
5605.55
925.48
8173.01
4345.94
8183.21
1882.49
5556.65
9478.34
6072.37
5631.50
179.58
9264.35
3235.27
5206.82
392.87
6513.40
1864.23
9723.77
1603.26
5496.84
842.30
735.00
3803.00
5880.23
7232.07
7142.65
9785.28
311.63
1863.62
361.89
3627.05
9935.52
78.60
196.73
2642.27
7856.66
5513.05
969.37
5749.42
9004.86
2431.05
1740.75
9147.92
6250.20
7068.83
7237.01
4581.54
1236.63
2624.69
9042.99
1505.87
8680.83
2189.30
2562.66
776.16
939.02
1309.23
1946.80
6706.77
2193.08
794.83
9091.42
4476.26
5671.64
1940.67
2906.28
7625.79
2633.68
303.74
2047.61
1949.09
8412.73
1874.01
6839.52
116.39
2358.88
585.33
7435.36
5449.06
4208.26
531.84
2230.64
4112.77
9019.73
5509.12
4219.64
1549.70
2792.81
2198.92
988.98
3482.62
6670.04
9585.49
340.46
9925.69
6920.82
7574.58
1246.83
8831.08
85.34
2905.32
4892.24
8302.41
1158.31
5953.23
2753.64
124.95
1396.52
8234.27
1367.05
8470.59
1287.44
1236.09
2442.65
3326.36
4416.75
2113.71
906.92
2922.28
1391.83
6875.03
1517.60
8114.77
5742.15
8108.72
3403.81
6406.45
2196.16
820.31
2097.26
8358.82
3539.07
2823.04
126.22
2567.31
9851.80
4300.15
7689.39
901.76
5252.35
847.67
2057.46
2731.22
3640.49
1232.34
9211.81
6669.29
854.95
1394.55
4208.68
847.40
2001.88
3164.23
7164.21
2219.57
3951.30
8156.77
9496.76
1199.82
8091.21
9135.01
4881.87
1917.53
4403.87
3178.25
295.27
6121.49
714.57
1236.03
7935.61
6718.11
2199.13
105.04
609.14
6473.78
4356.90
633.33
2923.36
5276.95
7936.87
7430.93
9324.59
7661.05
6269.24
810.72
5177.53
1028.26
531.80
2367.70
9612.42
737.93
8651.05
821.69
3712.56
1604.54
6005.19
7936.83
3254.32
6723.89
6355.81
3624.97
8931.27
999.83
4124.14
5143.71
1744.78
1551.99
7369.66
8701.29
5881.10
2203.62
4411.90
2383.31
5070.13
3778.40
531.04
404.86
9189.80
1694.57
5561.17
6999.13
4966.43
2299.04
6006.92
568.45
6317.00
363.40
2522.66
219.50
8780.12
8516.26
2998.88
5784.60
2502.83
9088.52
2067.79
4873.50
6565.61
6205.05
233.93
8319.94
8469.28
5819.39
2649.61
7564.31
9415.99
7072.75
900.19
8922.18
3679.42
6679.37
5505.09
227.14
9318.91
9549.29
3131.91
6680.31
1272.71
291.75
1744.76
9531.47
3031.23
2031.48
3252.99
116.68
1319.64
1642.03
7916.35
127.11
2560.99
9523.33
2419.35
5980.21
223.69
9179.21
8633.03
5134.76
3941.32
5191.96
943.17
6957.35
2279.28
3137.06
444.72
2772.63
1116.15
2535.32
458.57
6611.75
9074.69
9867.79
7850.13
3454.13
249.77
3105.00
572.16
5404.50
7206.47
1236.30
9944.90
890.69
3601.12
9745.70
1480.08
7334.81
9832.25
3419.16
7499.03
6404.59
1082.80
6005.34
5076.58
1483.25
5005.09
3531.20
9608.43
5577.06
9656.62
7690.87
8196.30
1435.07
5530.51
5651.89
1397.22
1494.00
3825.63
7804.36
334.25
4049.16
5603.33
1294.83
38.72
7993.93
4409.72
5960.84
6886.13
6107.98
8527.72
8827.84
2463.04
6301.95
2421.23
9932.06
1331.55
326.56
2721.77
2246.52
7543.37
2130.98
5083.92
2293.92
4008.02
5839.45
1136.48
8891.20
6562.01
6770.48
6303.24
4735.34
5994.98
7602.60
5567.35
1625.57
2006.22
348.65
8855.00
9175.31
3423.97
7950.12
4996.07
6539.69
1430.23
3372.12
5927.65
6539.10
4124.66
5998.49
9908.04
48.56
3481.90
7839.83
2228.85
8.58
3638.14
8127.84
4468.80
8916.40
6674.97
3250.46
5540.84
1658.50
161.53
8464.93
9769.52
5651.01
2200.99
7091.87
1659.67
5710.16
7795.93
9356.47
6007.05
9612.32
4847.02
2542.90
7647.87
7315.96
1488.05
3553.39
2965.47
3019.39
268.87
8960.54
1235.38
883.81
9214.89
2988.40
3254.16
1437.37
372.39
4055.28
1311.51
2717.90
1826.92
5417.76
2801.65
3182.78
4429.47
9903.74
6693.25
9342.21
3088.15
3207.76
4713.58
6413.80
7850.28
5125.25
8316.56
6290.31
5070.00
5505.10
6372.45
1926.22
1602.27
902.18
1401.61
8583.05
2016.67
4260.13
8839.75
5782.44
985.08
8688.20
7008.18
5673.48
8061.70
3631.20
4567.36
3178.35
580.58
6846.63
1446.14
3622.89
3240.97
5997.22
649.46
7230.73
9192.73
512.98
3985.88
2186.32
1206.61
9677.66
6530.86
8385.78
330.62
2688.35
1173.20
3155.27
1405.72
3865.84
6182.25
431.12
5455.01
4733.58
2407.92
1901.31
7858.23
9121.53
9660.83
2677.71
8925.41
675.69
1485.87
2326.69
5801.54
609.26
9735.30
5968.24
8471.25
2783.72
5387.52
4570.62
6009.18
3045.28
7917.78
397.96
7380.92
1422.45
7079.59
8263.58
5892.81
2875.84
9396.18
4713.09
8808.65
1694.28
5365.65
1929.95
1058.03
9823.51
751.01
5105.99
1352.23
3915.91
2602.47
4542.98
246.50
9072.42
8740.17
2914.24
1673.57
4098.91
8572.95
2162.04
3045.82
6201.94
4167.78
9577.83
1137.01
4433.76
2031.04
1187.26
374.13
5976.29
671.22
4339.87
5219.29
2691.04
1193.45
7133.17
6651.15
1754.42
9664.06
3037.49
8902.12
9320.16
365.50
5742.33
4124.38
5964.80
814.35
9204.49
6701.24
5770.88
8739.53
8995.61
6732.46
6122.23
2528.89
3925.60
9759.26
8823.69
8094.73
1128.44
7825.12
4242.15
1353.58
4173.15
784.07
4461.73
7747.57
8042.20
7248.10
81.39
6303.63
9897.04
3461.68
4952.09
2263.33
7783.41
4141.12
6083.63
5495.96
5126.59
6772.62
2726.05
240.06
3788.78
2333.56
6167.44
3862.03
5057.65
1632.50
3618.83
946.25
2597.06
5911.35
2360.27
1937.25
7159.44
1376.29
7355.40
4803.44
3263.12
3534.92
820.01
8029.87
2725.24
3304.68
5261.88
4935.83
8904.79
616.58
9544.95
5934.25
1817.98
1484.64
742.76
8275.22
8877.25
7033.74
544.14
8187.93
974.88
4916.73
1458.26
4349.73
2026.26
375.20
1402.96
999.11
5394.42
5858.42
8110.59
5754.62
3324.17
3655.14
1907.72
1977.06
3250.93
316.03
3847.51
333.35
961.13
7485.40
72.69
1668.01
2331.59
5127.64
7514.44
8893.86
7446.49
1631.43
9845.02
6366.13
523.36
7993.80
4133.59
6751.79
6695.64
6113.93
3289.02
3500.17
1821.93
102.10
2612.68
7606.87
9602.75
1065.78
2127.13
5507.04
5743.08
8307.49
5156.21
9562.16
6659.65
7836.40
8853.24
3079.16
5038.85
1765.52
1587.74
2829.29
1831.82
5007.92
3815.91
5647.05
7240.29
1793.06
4285.89
7446.57
269.66
8870.61
1860.77
783.94
4072.34
204.46
2063.22
6521.12
2623.47
5606.06
1111.02
8523.77
6396.48
6395.66
7254.59
2876.23
3389.74
2838.24
4077.16
5241.82
226.68
5684.67
656.44
8899.03
5217.76
7961.99
277.54
9663.56
9973.40
9163.67
5401.08
2116.02
8331.94
772.81
1803.70
3344.45
2323.48
341.81
2350.57
6739.76
3765.04
9038.34
411.33
2850.42
5018.45
2855.63
124.19
1381.82
3855.57
5578.07
6931.85
8538.24
4565.21
3718.66
7729.52
2304.73
7171.96
7677.26
6207.73
5660.75
6723.60
6567.31
5657.24
4520.58
6241.59
334.27
1422.80
9759.57
8671.03
5535.59
209.66
1650.39
787.06
5663.80
5195.18
3927.62
5031.80
2340.67
1831.99
2564.96
2681.20
9992.21
8372.55
9736.21
2809.34
7386.84
502.78
1858.90
6414.57
9420.84
4966.54
7272.17
9104.25
4086.50
1309.65
3106.58
9583.57
9681.89
8173.55
2221.95
1595.51
5500.80
5993.48
1032.41
7834.94
11.14
1480.15
810.86
1781.47
3124.86
2357.86
7530.17
5339.81
6400.83
4050.67
4757.65
1629.17
6288.76
288.48
8299.18
2512.27
373.33
3528.80
8979.53
5119.59
5414.25
7766.72
9939.77
2022.32
7326.42
7593.60
376.81
423.61
8028.57
6437.27
1044.43
2665.59
6385.91
7200.38
1707.76
3156.32
7093.12
4232.45
997.49
918.79
1507.92
460.76
3136.00
5777.66
6408.85
2014.12
7675.77
1419.54
5800.54
9719.56
7179.10
6381.35
6169.07
1283.36
2393.47
8068.49
8166.43
9905.09
882.82
867.16
4525.84
7429.07
3159.84
3887.73
6546.79
8373.46
139.82
1730.62
5290.90
207.26
6839.17
425.66
5632.28
3250.91
5257.55
1926.55
2883.28
1456.65
7952.32
9934.71
2886.06
515.00
3586.89
891.39
46.28
1732.01
5302.12
6924.51
7944.98
3413.68
3387.50
7792.20
1089.12
2937.45
3535.24
7567.96
7564.31
7399.51
4312.67
3697.86
2368.11
1115.64
2543.20
2948.15
2711.59
6148.98
3424.05
4827.78
1696.79
3543.19
7948.33
6777.61
2429.01
2042.14
7367.84
266.13
4358.09
3674.92
1578.69
3099.66
8788.33
2806.52
81.22
1373.89
6359.34
3313.07
1950.03
9542.37
1201.17
5828.14
6053.47
8864.66
1065.51
8634.75
9214.82
3960.09
5832.66
4803.75
790.10
3920.10
2447.93
2353.38
2862.46
1517.56
543.67
5742.85
234.66
2505.13
1104.17
9748.16
515.29
5795.75
9211.20
9155.26
2310.80
6474.92
3664.31
830.20
9027.14
342.50
4528.91
6062.77
799.19
7887.52
8803.70
6366.27
1570.40
851.88
6164.79
5710.09
4122.14
3957.47
6657.42
7280.03
7046.91
105.40
6332.49
2206.82
1355.91
9225.09
7596.00
3442.33
5027.56
2290.36
1340.17
7148.04
5033.62
6040.48
7178.36
3071.85
4542.64
4110.45
6538.88
9652.02
2072.98
6110.40
3857.77
8758.37
6253.80
3559.04
4026.52
8981.40
9340.46
8842.30
3924.14
9635.41
164.62
2109.46
5906.42
3946.23
9675.31
8424.91
298.62
164.19
4409.94
6251.99
3687.30
5089.20
2362.88
4933.57
7463.60
6773.91
9120.13
8606.82
7069.29
6231.68
3614.16
4190.76
8112.99
6643.72
5214.08
6708.94
8890.81
6648.61
3212.80
8864.85
3002.14
4347.00
9337.81
6249.21
2835.90
6018.78
4361.11
1720.98
2058.19
1706.98
7109.08
7723.56
1148.86
434.21
2026.56
8867.03
5926.00
7822.43
5304.02
2438.63
5115.49
117.68
8947.85
4702.26
2610.76
4467.16
2326.44
8536.13
8308.80
8824.75
1659.47
5158.58
3490.97
2726.09
6996.11
6558.01
8766.21
8167.66
9893.70
7112.86
6573.40
5173.15
9656.40
7604.53
6700.21
4256.72
9832.88
7169.91
3127.70
188.28
950.53
1671.18
515.36
8176.13
6279.38
1070.37
6469.36
8600.69
7843.90
8133.29
8985.51
2004.74
1448.20
8012.73
4141.35
4166.46
1957.04
4522.98
4499.80
984.92
9904.96
6217.28
3922.08
2356.93
4960.57
1476.52
8005.63
8474.88
3508.51
5552.36
6011.32
6990.19
8602.12
2144.86
9493.58
4727.31
1896.89
5871.05
732.88
7953.48
7335.04
970.30
8472.41
1836.98
8499.61
1331.40
89.85
2746.77
4957.93
6943.49
1682.30
1445.38
1641.29
9801.11
3337.59
8663.40
2319.68
7469.32
8041.85
4160.00
7166.97
6110.74
2369.69
2196.02
8885.02
1617.23
4658.03
2170.98
6776.36
9759.46
52.91
6126.88
1057.21
4439.21
6241.82
4816.03
6812.80
9866.21
1784.49
3395.81
2042.60
2541.69
1116.79
7375.42
8736.94
3946.75
2131.42
7583.85
181.70
5631.21
4472.42
8771.59
5767.31
4557.57
9145.41
4463.83
1574.64
9770.06
2233.40
2058.10
7206.27
2544.89
2703.89
336.05
114.61
1245.53
7077.91
3825.30
5076.71
3057.23
7130.17
1888.19
8414.07
8114.22
9984.91
1284.23
5669.94
2187.08
9535.60
7290.67
5072.08
5160.31
3040.10
610.26
7885.99
220.86
1363.65
4989.49
7293.24
8828.26
2058.56
1254.44
5859.60
3186.49
571.38
1414.99
4760.96
3242.98
450.67
5358.02
58.46
5656.74
2109.28
3152.06
8425.50
2384.24
782.11
998.49
6072.21
604.19
5629.29
1274.78
2674.13
570.91
5875.13
4365.87
4018.75
4348.12
8736.36
6897.04
5818.56
2934.55
3125.19
4078.27
7325.49
8723.22
1931.51
1040.55
565.15
5904.76
6682.90
2295.92
7678.95
1568.51
6323.03
1270.38
4505.87
2150.12
695.98
724.41
9962.48
2734.27
4109.49
4943.62
9514.30
5524.12
1488.24
1108.37
2742.10
3499.03
9054.34
9688.73
542.19
2616.53
5275.50
5698.03
4278.25
2581.24
1436.19
2814.40
552.53
3855.24
9708.60
3900.90
1937.64
1079.12
8523.49
5631.59
8240.36
6132.97
521.32
6591.34
5434.61
7424.04
7823.40
7319.44
1272.53
2839.90
2007.66
8295.60
1783.05
6155.79
3727.55
947.23
8471.22
6483.92
7499.19
9363.01
8541.36
7335.84
4592.18
3953.38
290.98
2565.60
9849.93
286.70
1521.80
5327.35
1077.17
7549.01
4829.64
1131.15
1910.73
2806.48
2504.70
2674.42
468.03
1044.98
7245.96
3409.38
3177.15
1463.52
9719.79
1643.73
8851.48
2947.10
2999.55
5061.33
6869.44
3007.64
2787.15
9177.17
8821.40
2520.81
2801.55
3892.58
3807.22
716.55
3200.20
4600.80
2737.50
1951.77
8624.87
8634.15
2894.02
9960.83
4805.62
100.77
7659.21
2373.18
3112.54
52.82
2661.27
5299.98
7045.00
5676.04
3064.75
3271.06
1134.60
9728.83
5145.65
5417.19
6070.41
2379.19
9630.62
5731.54
6423.10
6075.02
9136.94
8070.17
125.78
32.21
3104.33
149.82
9289.06
2673.27
655.09
5032.96
9583.46
7703.34
324.62
9482.12
8169.07
895.36
6203.43
6411.93
9569.20
348.72
2464.83
1423.32
1802.96
1011.30
2168.32
1758.13
6600.46
5902.07
1672.43
1650.92
8643.69
5434.30
2539.78
8844.49
9065.96
4681.88
929.40
1535.96
1177.04
4736.37
3227.77
1379.18
7704.08
7098.16
1312.11
5859.38
5328.52
1523.28
5931.54
3952.21
7788.43
1373.97
2922.69
524.59
3709.04
287.19
1393.15
5279.03
3432.10
9553.07
5989.59
262.43
566.84
5746.64
4337.84
5919.90
8707.69
9682.56
5812.58
190.16
9487.45
8856.44
5025.31
443.05
6416.58
6285.48
7086.35
6913.06
6653.32
5598.36
357.32
8993.46
3045.86
846.48
3302.46
1773.75
8550.42
5315.73
8196.01
3917.03
2007.66
6756.37
1699.70
2398.75
9678.61
3329.71
1232.82
5790.28
3050.74
2555.17
9273.27
1041.88
3035.49
6520.29
4081.16
8351.57
9349.16
9648.00
494.18
1667.75
2289.43
7634.22
1610.69
8990.49
7532.52
4480.40
2245.79
3826.84
566.52
239.32
6033.26
9223.72
8611.60
88.92
7077.17
9738.41
9853.86
6425.40
778.19
4105.71
785.05
9973.84
8145.35
9864.74
9790.80
1760.26
2043.61
2079.63
985.56
2420.30
2464.28
9993.53
4299.65
4062.33
8201.06
2247.97
8129.57
1602.77
310.79
651.43
379.93
2819.88
281.10
8062.22
1454.26
203.89
9544.95
5882.04
5810.30
6890.73
2447.95
7360.43
5909.04
6686.79
3947.19
1587.21
8566.23
6064.85
2480.77
6683.90
491.00
3447.41
5844.49
3684.65
5595.95
7699.61
2258.66
6220.38
4261.74
691.43
4441.79
5369.86
535.06
4431.82
1626.90
4752.14
2359.76
6911.55
1838.44
5279.84
8654.81
2962.92
1021.91
8436.85
4344.66
9368.48
9047.70
291.26
4565.45
9000.37
9807.93
4676.90
9579.55
6268.57
9867.82
2611.21
8242.44
6671.54
2294.57
9214.69
2806.86
3846.39
2430.57
4714.39
1657.81
2836.04
8214.85
1695.90
1231.08
9172.05
4149.24
8760.13
5872.43
3731.32
5974.73
3828.84
5625.36
2771.19
6662.92
5367.35
2138.94
985.99
6520.51
6649.67
1882.77
2496.51
1844.46
1334.11
2383.08
3796.73
7668.36
3148.72
8726.61
1240.52
1222.11
9040.70
3521.96
2177.64
3501.31
442.80
2660.04
4024.06
1984.12
3541.44
1335.37
204.49
4857.92
6416.16
136.72
3565.98
1926.06
8127.10
950.71
7122.37
2572.49
6810.06
7414.38
4596.10
8239.73
4189.15
82.99
2737.97
2428.09
4630.13
3365.19
507.14
5840.20
7851.33
9520.06
2982.86
93.49
7857.28
6552.95
7661.67
4460.67
7686.08
9766.66
8701.12
7142.77
2696.70
181.52
2040.47
3593.50
3499.31
8120.27
3364.01
5994.62
8520.10
4273.63
6953.74
1901.16
8504.19
7019.14
3543.86
3166.34
5581.39
1681.60
4589.77
5996.48
1497.70
3893.56
3859.08
1448.74
1029.60
266.29
9890.90
8155.65
1180.57
5034.18
7462.08
7613.77
8317.53
8913.03
6563.09
8495.82
2796.28
3312.26
6509.90
1202.55
5985.99
2474.23
334.99
3757.42
1384.37
2490.64
7108.89
3931.86
4304.51
2252.73
5585.78
6714.76
6716.64
5568.68
2569.92
173.93
6821.22
938.71
4135.18
9419.98
2085.23
1861.98
1112.73
5743.61
9774.53
3099.02
190.44
8150.05
5409.15
878.20
5279.53
3460.02
2567.73
5650.74
3588.90
2191.35
1852.24
6640.45
6250.65
1313.54
8255.27
8341.57
6436.00
7707.99
6627.24
6017.52
6023.09
8029.77
9553.73
3161.68
204.19
9295.43
4852.59
1349.92
2354.95
9083.40
7179.14
8659.75
4058.28
4928.08
5418.19
6018.42
6473.56
2720.33
2473.21
1048.56
4713.69
8131.63
5316.92
1532.69
4632.25
6594.12
8506.01
5756.64
2008.11
3997.33
7966.68
4169.00
1981.19
9318.43
8857.93
2374.84
4290.37
2436.59
310.32
989.38
5812.11
4337.50
2564.57
2361.68
8454.54
2044.62
7752.88
7549.74
1579.49
1479.27
9064.10
9532.94
5327.10
1657.10
8033.98
79.01
9535.00
1902.86
6977.88
2226.99
8012.63
5298.38
1086.02
4263.18
9052.63
3034.29
6286.06
7633.35
3432.73
7116.54
8444.90
7418.92
6959.40
1825.72
3274.20
126.72
7282.33
4634.90
8185.50
3438.18
4630.00
9688.44
9315.60
8350.91
3429.01
2002.77
5409.16
7111.51
7389.35
5747.47
7509.53
9094.76
3776.25
6634.31
8258.81
2459.00
7762.64
4552.22
4239.93
1610.18
6590.70
2453.88
7319.01
9822.88
7650.54
8252.05
1340.98
8721.00
5294.57
1450.63
1647.22
2501.90
4345.87
2611.97
1050.07
1134.71
3404.80
9245.15
3702.08
6.49
5476.24
259.88
2021.11
4088.01
7780.80
2179.06
4298.09
5765.84
9489.30
4561.90
4268.13
6130.79
805.96
2257.38
1382.50
4840.16
3357.05
1169.97
9642.60
1298.10
9162.03
2093.70
2217.63
2706.88
292.80
7433.45
4013.36
2365.07
482.05
7082.92
5552.82
827.07
227.14
3949.48
1585.25
5784.58
9353.32
8031.14
1478.75
4806.01
4760.53
8435.22
8773.10
6632.21
2267.96
8416.63
4234.04
9960.79
8704.98
4512.80
1908.31
162.48
9175.98
2546.49
9288.53
102.30
8423.93
9416.68
1564.17
1210.89
6281.47
1130.25
2749.28
5254.87
6155.65
6177.18
3658.14
1911.49
1438.29
61.80
151.82
2124.20
7720.73
2400.84
3770.81
2172.53
786.00
9200.71
7553.79
3518.97
9163.52
4137.39
3787.52
5695.05
3700.50
7945.23
4170.57
2656.83
8307.61
5746.26
2376.37
9381.55
8800.95
2316.49
5167.24
2584.03
2458.89
992.05
6543.07
1043.60
1667.76
7133.85
4283.18
5577.03
591.83
3527.66
7196.33
8190.08
9786.58
6499.90
7709.75
5771.42
3823.71
1213.68
1774.46
203.94
5793.87
1506.96
1793.85
4720.63
8662.97
4454.32
5344.29
511.96
2423.19
720.48
4597.93
2959.50
9186.83
4985.66
2160.86
3678.58
2984.56
5120.30
2532.23
7709.57
287.22
6344.03
5066.30
6511.03
1841.65
1352.61
3613.45
5054.35
3691.75
8827.21
8749.85
1301.73
6591.85
1134.88
700.71
5959.39
3522.03
7189.13
4676.14
4615.85
2383.13
8342.22
911.79
1213.41
4466.58
9436.43
7117.82
8392.63
4718.05
117.58
6098.50
9142.06
7336.14
5156.48
5317.80
7038.33
7609.70
2880.11
1634.88
1623.47
7855.69
8147.62
1208.26
4062.20
6381.37
44.08
8588.90
723.89
4375.94
7518.13
964.29
9789.76
295.12
2494.23
365.07
7490.70
1115.74
3705.59
566.79
2911.44
5348.39
3532.34
867.70
9654.26
7576.36
1722.04
1195.79
4363.47
9665.03
4889.48
6218.20
3814.30
1788.71
2261.37
4800.44
8868.30
9067.54
604.43
1232.75
1446.51
787.70
7089.28
1185.57
8817.11
4159.72
9641.20
3904.19
3852.83
5563.80
1840.54
9116.73
8581.51
4202.95
8693.36
809.39
2636.42
4305.11
3114.23
638.04
3926.75
1433.10
6501.32
8199.09
1884.57
113.20
7874.48
6020.27
2489.11
2169.28
1567.97
3559.37
2480.41
5944.79
3934.71
3162.71
9795.46
5591.02
9862.28
2247.41
5981.11
2324.03
434.52
1918.81
7593.54
9760.56
4241.30
9043.93
2329.29
1666.47
8324.77
2429.18
2016.67
2721.91
8755.40
2024.40
6936.14
8302.69
2537.10
4980.83
3612.92
6824.04
5299.27
6884.40
9023.89
9413.22
2469.33
9407.85
9972.19
5360.21
9621.83
3570.81
7636.66
597.87
766.94
44.66
6827.41
1351.26
3503.95
2305.89
7659.11
1883.68
9961.50
8968.61
4072.86
2490.24
3540.31
8526.12
6458.39
8211.87
186.55
3712.69
9006.16
6086.05
7786.35
3364.96
9893.81
9914.14
3495.94
7745.73
5747.20
2313.01
8999.70
1362.97
33.09
4895.28
4965.71
951.12
8476.42
4686.21
3423.95
3716.29
2868.96
1868.15
1480.47
9040.98
4686.12
5011.75
1894.45
4919.09
8786.19
8080.95
6678.32
9561.23
1822.43
1093.11
8627.47
4313.01
289.84
7016.55
1427.14
5150.86
1600.56
4450.66
7227.88
3798.67
6933.87
1648.38
1541.55
2942.15
6651.47
1861.10
9025.11
11.03
1347.45
9382.78
5489.87
5044.03
3762.46
9244.91
2939.78
9269.99
4177.27
4230.64
411.40
4558.72
1595.49
9365.46
9343.98
4658.36
1795.14
3902.61
1529.74
4984.93
1164.15
6155.89
1617.21
7134.14
4014.28
906.46
9856.06
3473.92
6312.55
1356.43
7253.38
1542.15
104.97
5800.35
980.06
1300.06
3125.67
2230.68
7714.39
1559.31
966.14
436.47
11.27
8815.85
1480.31
7572.54
2301.45
2943.64
9611.36
5676.65
986.33
8687.12
1685.05
2661.24
8633.05
4010.14
3342.12
3564.63
1189.29
848.06
6035.86
6964.91
8668.56
7813.19
8068.44
8882.74
7794.25
7440.19
8214.07
7391.54
876.51
9853.40
2177.20
3018.14
1109.93
1596.55
8242.96
468.28
717.27
4096.97
2554.69
2754.82
7828.71
2385.13
6797.15
5582.77
8355.24
3450.28
5061.68
2438.85
7668.83
9756.41
6317.09
2700.03
4677.97
9176.21
6710.62
5540.37
2154.78
2249.32
8085.46
73.46
7927.94
8600.10
3378.29
217.19
2330.86
5782.87
7803.40
4724.79
6959.96
9430.32
1359.45
7473.80
6473.80
288.83
980.84
2920.72
16.79
863.95
4001.75
1193.57
5038.40
1267.61
8500.42
5124.17
8609.06
2368.08
2190.08
7999.14
3900.87
894.59
8178.16
932.27
3525.56
1399.73
4826.49
6655.65
4840.39
5100.40
9698.71
628.99
2547.60
8336.47
2074.80
5783.39
4953.73
5755.91
7864.68
9059.11
3695.21
9736.43
308.29
7108.41
8193.92
71.15
4778.87
9948.79
1870.14
508.53
1516.25
3170.48
4792.56
2159.27
7550.98
9774.57
5941.18
2698.14
7624.65
5038.41
8961.67
7966.18
7079.18
6549.33
7082.07
4894.40
2668.42
7255.28
450.44
226.55
7467.39
9229.88
3088.82
5477.12
3277.42
6615.15
5647.80
4472.66
9263.63
2037.64
7790.01
333.06
8081.37
8813.63
1903.67
8444.12
1640.91
2793.20
9832.03
3329.00
9260.16
9990.81
1396.03
8108.14
6714.24
2774.04
6547.42
1264.90
4723.80
606.62
8230.40
2597.45
652.90
7816.70
1044.51
7111.94
8588.11
6994.42
9528.59
4692.98
6913.39
4334.17
544.31
2193.77
8892.84
6305.32
1455.94
1302.10
2272.76
2564.13
700.87
7741.83
8070.54
4213.39
2466.61
8407.99
4524.17
5975.92
6078.20
8759.62
673.29
9869.73
2708.86
1541.80
1899.24
7283.17
1258.59
7276.34
5538.78
1910.35
5578.37
6269.08
9074.34
8935.44
5156.16
8362.17
109.95
6172.14
6059.88
3131.66
4886.15
6975.15
5971.30
9533.27
7079.52
2333.54
6105.07
8126.97
44.05
904.21
1659.13
9538.98
2102.69
6533.77
7452.27
5953.29
7609.65
4783.66
6578.90
2230.87
9806.77
4178.53
8695.07
6658.78
3473.48
1553.27
1339.89
3655.66
8740.41
7024.17
4704.53
2717.39
5771.26
1370.90
1148.09
3153.85
1854.96
2589.10
2635.92
145.48
3658.17
1465.35
2891.09
4913.64
4208.37
7397.75
1342.28
4505.78
5028.86
8314.72
3468.12
149.65
7920.52
4694.08
4622.39
6931.74
8686.01
1514.05
6884.93
344.45
5410.50
9388.97
7231.41
5228.73
365.04
9174.55
888.47
9433.56
2651.24
4069.48
8759.12
960.09
7670.96
715.27
8525.81
9812.40
8577.80
1182.82
2411.96
6094.97
5022.41
3958.43
2008.77
7287.93
5560.29
3506.64
8255.27
9009.43
5210.29
68.91
5967.29
8782.25
2661.94
7409.62
7097.89
6678.65
495.97
7426.36
3461.56
2822.24
3342.23
5014.51
2030.52
684.18
2465.02
7021.08
3697.16
2780.20
408.98
4686.30
610.96
2158.37
4838.40
5250.31
5895.54
3518.78
2022.26
4279.65
8107.42
3962.18
8852.17
1006.23
9148.39
2936.26
8351.34
6077.73
2445.16
2237.22
1598.06
5086.51
3525.28
6919.57
5880.98
4510.91
1919.43
1348.69
7578.79
671.70
1624.86
8744.86
1285.43
6631.04
1203.70
3291.02
877.70
3806.13
744.90
633.80
219.34
9828.40
3537.45
6480.13
108.32
8345.51
604.25
1462.88
5024.09
2306.01
1196.94
3456.08
2732.42
1963.95
6583.72
3404.72
4136.36
799.88
5977.65
3064.34
8929.88
5570.90
4672.80
6248.33
6408.48
3816.34
8607.80
9236.77
4850.04
2091.07
7483.89
1272.07
4982.70
8281.68
5825.38
403.26
322.62
8643.78
8125.30
5560.64
3302.79
1088.38
4260.08
2736.31
9335.05
8711.17
7292.47
5877.68
8366.41
8505.79
8143.54
5096.67
3287.40
2005.95
4363.36
221.73
4594.27
4961.38
3620.05
586.65
389.32
24.56
1729.68
4459.51
3687.24
2454.77
7099.83
7649.41
1687.08
7614.53
1426.18
1118.60
2963.52
3797.25
2327.93
6091.87
466.75
676.80
3922.97
1555.97
4138.33
330.51
1502.22
325.78
6570.59
1112.93
7528.44
1973.70
3810.50
9635.15
7892.06
4315.18
278.60
7301.45
4409.62
67.57
1167.46
6012.12
3104.51
6524.20
8313.21
7353.14
5528.70
2105.63
4630.53
963.21
5236.37
8691.21
1562.17
5746.31
1131.46
8501.60
1709.16
8132.40
2760.38
2478.22
5548.57
411.12
2920.07
898.05
5640.65
1021.82
9455.61
8249.40
2613.12
1074.15
1139.19
9887.80
7565.31
9002.35
8734.35
7251.81
5162.37
3573.43
7376.17
1640.78
8080.57
6729.98
4748.76
2087.60
1680.45
2031.69
4422.71
1163.71
4950.47
150.66
6700.49
9971.39
3372.63
6574.28
5674.82
3843.73
2517.38
4223.01
5491.64
2132.48
1875.58
6576.23
5615.43
6559.64
2177.91
5088.92
9735.73
5366.19
6346.08
8368.10
4763.71
6460.26
6703.88
8855.16
701.62
8679.80
9029.25
7421.39
1220.99
3141.00
8581.61
1008.02
2794.87
6532.86
9579.52
4354.34
9005.40
201.86
3255.87
2425.94
4034.94
9322.13
7231.24
8190.72
7917.18
6340.34
3451.55
1550.78
1003.23
1094.86
4055.70
4684.67
4632.96
9683.12
277.54
5949.16
9321.68
7252.78
9896.37
4491.39
7027.70
1652.98
938.78
643.99
1362.01
5042.38
7319.16
3190.41
8052.69
1282.09
1360.79
2427.56
9499.12
1261.19
3161.81
1148.19
4510.77
4637.33
683.02
7589.38
1048.60
7201.10
2403.08
152.80
7544.05
5279.91
6657.16
1308.20
447.77
205.28
9722.11
6665.52
6501.12
1990.30
5046.71
3677.29
6341.58
1996.15
8898.35
5067.73
8796.41
2016.52
111.62
5718.72
9918.96
1308.70
530.53
7066.70
8241.71
473.53
1250.96
4948.67
9232.41
6681.76
9117.57
2181.35
2137.29
1903.00
8387.13
3539.38
3071.93
9090.60
329.97
6519.38
7913.02
6910.46
2008.26
1120.76
8050.06
5810.93
1932.02
9423.11
839.44
947.81
7477.05
9097.72
9707.08
3671.19
2121.44
6713.47
2806.36
3723.34
2751.13
5595.77
4066.05
2302.47
5.69
1169.67
4509.48
7987.93
6092.05
3170.94
7034.37
3539.18
7159.26
7478.81
3152.63
1705.16
3776.13
6524.81
425.09
7444.29
1491.28
1012.09
5700.19
233.75
2273.54
8517.10
9667.59
4478.01
3262.47
8936.89
1054.89
6176.36
5330.18
1274.64
446.43
7054.39
5564.81
4526.29
8835.58
2188.44
2315.65
1577.94
1327.75
7873.28
6499.78
9349.10
3256.07
825.87
4222.55
3663.94
9322.52
2547.93
5193.37
3737.81
2979.85
3956.63
5235.47
3544.81
8677.09
7938.68
3969.65
1735.84
6680.97
7706.36
8284.90
3954.04
6885.98
3707.84
4369.75
9883.51
139.39
8473.72
2144.19
9289.00
3022.65
4490.36
6558.18
8324.40
115.58
636.96
3603.89
1627.53
3142.97
382.79
5341.09
7886.19
1428.14
4274.24
2411.32
2900.38
305.39
4642.24
642.22
2262.05
2532.44
104.25
7292.57
5378.30
2742.23
2484.63
4148.89
7417.23
5366.56
9962.49
891.09
7681.15
3879.75
9409.69
6390.61
1444.67
4768.93
5588.25
254.34
5887.14
4972.30
8293.59
7855.37
4596.33
648.62
2502.22
1769.75
3384.43
8968.08
1566.54
4994.90
214.43
2306.98
3242.12
1650.31
4746.17
6529.96
1689.07
9013.75
4759.44
7843.88
3391.96
1949.26
1745.99
971.23
7795.71
1437.71
2131.08
6336.71
3745.08
1663.29
1067.43
1516.83
1080.55
6735.64
6921.49
2158.02
8029.37
2126.26
3716.50
2697.28
2071.61
3424.62
2741.34
1618.11
6145.87
4270.77
2106.61
3142.72
3243.32
8389.99
2084.99
6210.32
1880.52
6789.79
1162.61
6057.15
1201.71
754.28
5731.89
3089.68
2321.96
1702.61
9871.30
326.34
3320.09
7902.50
3231.10
2790.21
7705.29
8681.52
697.55
3140.27
7595.29
3180.73
5077.34
8629.16
4219.96
7217.37
5587.75
1093.59
3752.70
9154.83
4259.90
3795.34
9398.69
4339.90
8154.56
3441.34
9260.43
9782.33
5668.60
2453.44
2150.90
5092.67
6924.78
875.53
9812.44
8123.39
3814.44
1297.91
921.15
5786.37
3046.76
1097.18
4268.62
5127.15
1606.52
1722.64
6490.94
633.78
772.53
9743.13
5138.70
6271.94
6993.35
4775.60
9064.55
8839.05
6867.60
7651.84
3523.17
7575.64
8980.52
2699.08
447.04
2936.69
7697.08
7946.87
668.32
6086.60
2572.92
2813.01
6221.22
3105.46
331.11
3752.60
6297.81
6511.61
7558.38
1825.91
62.25
9352.09
5789.41
7603.11
5705.95
1081.52
9616.69
9708.21
382.63
6450.79
7828.29
2992.53
9159.04
2343.87
1861.46
2948.51
2509.08
5490.02
6814.54
1011.36
2384.98
5791.87
9795.48
3324.21
4069.98
7759.30
5736.42
3602.65
4275.53
966.65
7319.70
1787.46
2261.82
3518.59
6222.35
9569.40
2907.61
5777.58
7838.09
5.81
937.64
4178.57
2414.07
1223.78
2182.65
373.18
1350.04
4238.85
1086.53
1091.90
6980.38
7622.81
7841.81
391.51
6618.90
2429.41
7474.71
2179.89
4366.72
598.29
7945.30
8508.69
6120.68
839.64
7425.39
2425.09
2968.45
1386.08
7818.33
7240.62
3758.25
8991.89
3000.46
5417.93
5615.83
2184.42
7762.43
7106.51
9175.08
1227.34
4244.04
9993.01
50.31
7252.21
6302.05
4957.25
3329.10
1649.32
6899.54
5181.39
6635.14
4.29
5131.16
4463.28
5578.02
3525.97
113.22
1755.54
3306.01
7949.07
2357.93
429.70
5853.67
8075.72
4155.13
9943.65
4345.32
9331.17
1914.34
4364.04
9608.22
2186.75
6430.79
534.24
7032.86
4684.72
7879.42
7105.71
1065.50
7814.19
5352.46
4734.80
4881.02
9005.60
2809.96
4385.83
6459.98
9077.77
197.07
3571.07
6436.14
5002.10
7596.39
3920.98
685.70
586.78
3906.22
5610.96
6364.46
809.24
5342.46
7589.40
8842.92
6236.99
8477.12
201.30
4246.73
9390.66
1836.17
6371.31
2881.72
2446.69
3297.23
9652.29
7824.51
5631.66
4339.72
3601.88
381.27
7575.56
6701.84
8017.94
6870.80
7441.40
992.86
5442.16
9501.55
7931.03
2606.75
4964.63
278.98
7304.29
1295.75
3068.07
6684.52
7183.18
7599.86
2867.71
2700.46
8923.52
1054.36
8676.36
7145.83
5145.74
6511.50
7905.53
9494.29
1532.75
6698.67
4895.49
2575.77
8252.03
2266.31
4390.65
1041.43
1011.73
847.67
9106.42
8861.52
671.96
9757.62
1396.56
2153.79
1427.54
2172.34
1777.70
9326.45
4149.56
4630.70
3250.20
1483.08
2753.28
2028.89
787.59
4145.79
4661.70
2689.05
1077.00
1381.16
7507.68
7709.78
9132.25
4657.89
5651.01
8683.39
1136.15
8996.68
7838.65
1851.28
4336.11
7245.15
2980.52
5713.87
9147.17
5060.65
2167.03
2293.46
7237.76
3809.71
8173.90
4017.46
5224.63
8834.79
5666.12
406.84
8624.61
553.69
3364.81
7607.54
8830.07
284.81
7973.35
4348.95
3558.53
7396.50
1772.18
3056.16
2017.21
4399.30
9204.89
7844.35
780.43
3982.79
8188.19
7210.36
4375.05
5063.12
9365.94
4058.59
7655.57
6323.10
3912.11
6592.48
3508.06
3841.64
4365.68
9916.75
8956.55
1122.79
7237.44
8961.41
8286.53
2155.71
961.59
9975.52
1807.24
2407.00
3928.39
9946.55
5481.13
4530.25
4469.04
7976.72
7863.38
4783.97
7702.25
7366.83
4090.61
770.29
2014.97
3484.66
2087.93
6678.27
6868.63
9572.27
1975.69
7513.50
1939.10
3439.72
4933.32
9755.19
8648.82
2528.28
1876.74
9331.86
887.97
1567.35
8358.09
4922.95
1350.31
9223.98
822.37
3054.34
2143.50
6089.01
9695.17
4512.99
9314.18
151.15
4451.75
2710.06
7185.99
8506.09
5973.85
1066.01
1699.06
1020.84
8111.54
6169.05
2322.40
3006.62
8861.05
6740.17
3581.31
6003.97
1184.18
4995.10
8551.31
6947.48
6844.67
6557.40
1350.10
9913.71
954.56
2786.15
7124.84
6870.04
1239.47
6113.75
2737.63
1452.37
9698.25
2258.85
3871.36
5140.18
1138.75
9293.64
3908.49
920.33
254.51
817.17
5836.05
5961.53
1123.64
5982.79
7173.15
698.43
8642.53
1483.76
5601.51
5859.73
7280.35
8081.90
392.80
4656.50
5172.14
7390.50
5155.12
1391.48
3836.80
1683.24
2994.39
8005.03
3224.66
4406.90
1910.28
5786.05
7485.34
2017.28
3688.83
7336.12
8659.63
3313.23
9184.37
1568.70
1256.23
5000.35
5407.07
6006.46
1371.96
1979.31
2838.39
8896.84
7762.03
1109.53
1324.89
2474.25
9156.76
4146.35
1132.28
1573.13
7983.53
6933.31
7029.43
7395.51
4804.11
8834.95
3064.12
4764.28
2374.39
4581.94
3773.52
4717.36
1663.10
9129.78
7151.53
5476.16
2410.73
4930.60
651.26
3237.02
9034.46
8820.75
1909.23
3032.64
1074.78
873.81
611.74
8777.06
2203.53
6719.44
800.35
1254.31
9489.17
1191.98
5402.21
1893.68
5062.46
7767.26
1636.39
1707.33
2941.23
7641.05
8821.80
6662.06
2288.64
7354.50
1975.84
1412.51
4123.59
8828.82
6122.12
89.92
3215.88
7957.60
6382.45
6093.18
5312.16
1757.50
5564.50
7052.52
7223.73
5156.75
6286.94
2356.51
6081.08
2937.43
2290.03
1851.94
6542.49
8116.22
2155.81
5398.47
3779.99
3773.61
7103.80
7619.04
3336.46
8995.27
8442.46
5024.47
2315.07
7831.42
9722.54
2337.43
1883.52
8958.83
5138.03
591.28
493.89
8994.81
2647.21
2707.71
3515.84
5889.07
6102.75
5951.04
9104.42
4268.33
2715.04
1237.50
9869.80
4873.75
8923.23
1006.14
327.34
6402.43
3276.43
8420.00
598.59
372.46
6023.71
40.61
984.63
2225.34
7437.54
4910.03
3852.56
5007.27
8975.72
1580.00
7480.54
4199.45
7477.36
4767.56
6756.47
6198.68
5144.72
9493.06
6284.23
8127.89
9159.20
8708.39
2050.09
2183.26
934.36
7313.63
1641.40
5335.13
5610.77
6282.09
9643.91
5262.93
2271.07
2109.99
8820.18
3148.68
8866.38
9118.69
7092.35
1208.92
2311.49
8806.85
3521.18
908.67
980.62
5870.81
3475.41
9748.70
9156.24
1288.53
6199.72
9378.09
6646.64
2694.17
6477.66
7804.34
795.04
9489.68
393.82
3996.53
8763.42
9268.00
725.47
9984.07
3889.55
494.19
9822.17
888.72
2762.41
7123.51
419.37
7978.26
5946.44
2860.20
5017.01
2433.17
6006.19
2274.40
2121.30
3817.74
267.56
6023.30
6576.20
8197.47
9350.67
1853.20
158.21
5882.39
4730.99
3549.59
1176.43
7730.94
5470.15
1826.55
4950.45
2778.73
1196.30
2539.61
9910.86
6579.20
8723.88
237.15
6263.63
420.98
1526.19
718.55
3679.79
5079.85
9019.39
2154.09
1989.90
7608.27
6988.06
4770.00
1527.55
2217.70
7833.41
2921.73
2022.05
1408.97
2580.73
4661.16
3893.19
4423.49
5924.87
324.08
9805.59
8268.60
8131.97
276.47
8620.71
511.74
8271.82
3386.40
1746.95
8951.55
7085.85
2972.28
5907.73
4924.42
97.74
1767.10
3223.54
8398.57
4216.00
2218.79
477.46
1613.31
9038.18
3480.11
3539.87
1295.52
3336.63
1610.61
368.58
9421.49
5627.02
6443.10
3627.09
6390.25
5011.38
6586.51
9105.63
9355.41
1006.79
5116.55
6531.67
8673.97
9806.71
9367.58
8949.90
9970.12
5706.25
984.21
7888.32
9853.09
7693.46
9437.63
305.76
4017.96
758.11
3036.22
871.29
534.93
6838.88
2331.76
8809.25
3380.41
6469.52
3782.62
6670.65
4537.71
1310.19
5196.96
900.75
7863.17
5678.83
354.39
4970.63
2772.40
7721.19
4958.82
901.86
4601.68
5925.11
1597.01
1663.86
9251.09
9549.66
1118.37
5971.49
9605.51
4399.83
4708.78
1026.70
3268.63
2078.52
7304.20
2737.35
8874.24
9489.14
4021.46
40.81
8180.83
1811.55
1754.90
4389.97
9940.43
4657.50
7644.56
2263.49
3583.17
2478.95
2257.82
7316.34
6815.97
7218.96
6246.90
1076.64
3027.07
1063.02
5562.32
8819.17
474.31
6059.14
5232.68
162.70
7260.18
6129.08
7233.37
3127.52
9329.43
6576.79
760.32
1224.60
9175.31
3218.78
5524.22
1876.43
3104.13
1158.53
1914.86
7227.75
4290.11
7646.06
6320.64
3521.56
5462.39
9666.69
1187.17
1807.60
1226.63
8827.08
226.28
1041.80
7871.21
7145.00
4961.94
2521.37
3883.67
750.90
903.55
9035.56
4552.96
6000.91
1216.67
1327.26
2995.37
5851.05
3851.99
6514.04
4030.05
317.11
4477.57
7829.40
7230.54
2104.16
9660.47
9532.26
1309.50
2499.93
1829.21
3152.20
4746.87
6890.63
3415.58
2286.27
5588.87
5449.57
630.14
1494.64
3667.01
3013.88
7945.19
3133.79
735.98
2419.74
684.88
7835.79
1494.04
9183.34
8766.77
7838.61
235.11
886.32
7492.50
2885.28
5586.63
9420.02
100.31
8982.99
5973.35
263.56
7195.62
8024.07
6401.77
4610.88
2584.36
9209.89
4874.83
7916.46
8127.64
6858.90
755.92
1910.38
9911.56
4478.38
4918.45
4104.41
1916.09
1854.44
146.53
7997.47
381.64
6232.68
2856.73
2466.68
9503.28
7596.40
1694.36
1243.27
7384.73
6349.84
4684.48
4958.90
9925.48
8486.34
9858.44
501.57
6037.96
1459.22
2287.44
5105.82
1420.98
2003.07
7371.68
50.90
9201.42
1277.60
6062.53
5712.47
208.00
872.56
6343.86
8997.44
7961.49
1233.75
4950.53
3808.28
8206.03
3544.91
8738.23
5603.99
9337.04
8035.00
1828.31
3894.79
6276.39
7450.95
2394.48
9459.93
8463.17
8458.59
9077.87
1192.30
862.54
3939.91
427.02
888.82
7368.74
2586.30
1206.51
2745.04
2777.45
5991.03
19.25
2503.39
4384.38
8759.05
7652.26
4512.31
2146.39
5931.49
9055.59
9686.82
2933.80
8520.54
2636.72
6305.60
1654.76
4213.04
7674.37
4458.72
933.32
4320.18
4571.78
1201.32
5955.55
6057.35
7684.16
7032.01
4042.95
3845.10
3774.86
7093.04
453.74
1933.22
5800.05
7988.66
6148.57
8348.71
8482.84
3330.49
6250.81
6340.62
8595.57
1524.89
1534.01
1434.05
1492.09
9502.48
2317.86
4454.88
8515.72
3164.50
903.55
6772.37
1714.07
7613.22
9821.06
5365.10
3285.88
4706.83
3545.97
4111.82
6343.90
2563.24
455.73
5336.67
1925.46
235.72
6132.78
383.31
1345.39
5399.39
6294.60
9972.30
6928.83
2763.11
9348.88
1259.22
3629.00
2717.79
3673.09
4701.95
5812.64
1320.68
3909.20
7158.00
5368.05
5450.79
6428.25
8024.44
2222.42
6519.48
5509.28
6055.77
5103.76
1044.55
3612.76
923.76
4714.21
5948.57
833.23
4401.63
6528.84
1166.71
2742.88
8410.06
6.23
4205.60
9733.44
7162.31
6198.48
3263.38
1976.06
3402.54
9614.09
1054.49
7407.06
7671.41
1247.25
8890.99
8894.86
8273.77
8639.84
1462.65
1484.12
4269.75
4328.42
8038.73
1605.02
9795.05
7944.49
5447.70
5897.34
3552.94
5167.62
1303.67
1371.30
4086.21
7395.40
265.00
6899.53
855.03
1663.10
370.56
2636.84
4317.76
6351.20
879.01
2470.14
2422.82
5910.33
8493.31
3957.76
2272.70
297.72
3839.21
3872.30
1425.77
5746.34
8203.38
803.48
9442.20
7933.66
5437.42
7822.34
142.68
7550.65
3491.66
4340.28
8584.91
5049.19
1743.40
1437.51
8738.62
1640.92
1352.21
4676.35
8663.57
537.23
2922.80
1017.91
9139.22
606.83
1201.70
7504.99
7029.94
1339.81
8178.52
1456.73
6580.62
3627.51
2578.59
2885.32
966.79
5691.92
6237.57
6719.95
4554.78
7581.38
8400.57
8497.48
9872.85
5303.90
7519.43
5859.59
2524.80
6898.48
8209.97
7968.03
199.77
1371.32
5695.63
9656.68
3630.13
7429.10
2040.64
735.12
5937.77
9525.35
1552.79
9405.21
5172.94
4165.74
284.63
1452.56
4626.85
7538.32
1783.79
4621.42
9093.03
2781.40
9248.11
467.38
6767.18
8573.71
1162.85
5221.12
1380.14
9052.85
5483.04
1537.12
4606.33
3366.43
1326.05
4772.28
9159.60
6557.31
721.41
9539.18
6003.59
6232.43
183.36
3733.67
9028.89
9935.65
2359.58
950.03
5987.58
4480.73
2395.25
8870.14
1374.67
9821.47
5635.84
4328.56
7236.22
9964.61
4319.62
6500.62
9786.03
6102.59
2408.43
789.71
1178.68
5720.98
1095.46
2972.68
1535.77
2853.80
5036.18
7883.37
619.65
1986.96
9449.77
2378.21
817.44
1593.06
3461.36
2213.06
8075.70
8375.51
2010.93
1500.35
6468.82
686.51
1847.12
5010.20
7327.49
2659.77
7790.19
5823.45
8607.03
6896.75
6295.65
1982.39
5597.78
2947.95
1595.10
8944.38
1253.38
2030.43
6394.22
1655.09
9561.38
5397.66
38.74
1355.13
2365.73
1715.61
9093.10
9688.83
9225.74
1926.86
3715.65
2622.45
1994.41
4814.64
1950.19
1056.89
5008.31
8994.50
5992.51
4630.82
7858.86
2203.56
9144.70
7755.92
7158.11
4246.77
6873.06
992.69
4122.59
6182.55
890.01
2055.55
3454.34
9760.45
92.77
5832.19
9110.42
3726.76
3912.35
4208.00
6925.09
2525.83
4214.41
1501.01
3021.23
9727.47
231.78
4627.79
1864.53
2153.63
4188.02
6282.72
1171.77
870.06
8268.43
9901.55
1541.28
4130.08
6290.57
1036.09
636.74
8255.01
7164.51
7739.45
2072.97
3684.09
301.24
4594.33
7342.99
201.17
6188.55
2987.44
2279.27
109.93
8292.67
1015.41
9935.52
6560.39
3522.08
7033.50
3094.46
4473.51
9562.32
4985.71
258.15
6433.81
7361.51
8291.03
2507.07
9029.00
5588.03
5685.22
2141.37
344.47
5776.21
2676.02
8809.84
7696.15
6040.34
40.33
5269.06
1796.31
579.30
9627.44
5544.01
2068.56
5419.13
7662.91
2271.40
5601.04
575.81
3204.51
282.94
1904.27
146.90
6869.79
4287.88
4972.90
2041.46
1949.28
1270.79
6225.14
2433.69
6858.93
828.83
930.15
6439.37
9985.63
673.70
3171.38
766.11
954.46
1945.13
1088.46
5356.37
3039.22
5055.49
3876.56
5917.58
4321.23
413.16
755.83
6527.21
1683.77
5861.66
1249.93
3124.98
3373.17
4971.37
4488.83
6004.28
3515.06
1592.89
2149.61
2568.93
5627.85
3577.96
2107.36
1408.17
3635.81
1054.79
7872.66
9853.40
5272.16
2812.51
1499.46
2408.67
9592.41
8300.45
4620.34
3721.02
7489.27
9433.87
9540.35
4593.65
167.08
1413.09
1225.64
993.06
626.52
1477.84
2131.38
9328.49
4781.29
1921.66
6850.05
8121.69
6681.78
2581.80
4053.30
3163.57
6744.97
6962.87
8708.12
6759.91
9011.39
9693.00
5607.60
5.28
964.53
9151.40
5309.04
9152.94
44.77
6948.81
5862.72
7141.36
4430.73
4908.23
1401.72
3704.74
67.40
2749.35
367.07
1247.42
5620.06
8783.23
1222.23
4837.68
8323.40
1951.20
1632.66
3960.67
8818.98
4556.87
7905.63
4091.18
4569.24
2493.93
4068.03
37.48
3525.26
2329.75
2262.76
6144.33
4020.96
5261.74
7241.18
5691.70
9402.18
5162.92
7730.33
9289.12
7823.13
724.81
3580.96
6304.26
5055.28
7860.23
5315.78
378.83
8009.52
3879.51
554.27
3511.81
208.89
8077.86
2374.27
8074.24
733.34
3034.77
9456.03
6311.04
6186.77
8937.01
6487.34
7787.67
6760.24
7524.63
347.85
7076.92
6395.41
141.17
9779.48
9397.82
5337.60
4345.27
7000.63
6499.01
5726.39
8447.43
5560.13
491.52
4043.77
2477.25
149.49
2377.78
7650.56
3683.08
7107.96
1314.62
5436.77
9526.16
7965.44
716.87
5315.05
9231.90
7072.80
8016.28
7529.18
505.23
2702.66
47.04
7567.21
5895.80
3501.32
4826.95
8734.15
11.95
7781.11
1913.52
9426.64
3456.13
2006.27
7301.01
3881.99
2705.43
1663.16
9197.54
4265.05
1152.61
9016.79
37.35
4695.50
1024.58
3866.55
5986.73
2593.94
1547.62
2257.04
7152.00
9205.85
2893.46
5441.04
9740.64
4232.87
391.47
8462.85
7226.48
9456.33
7741.27
8386.64
6240.46
3257.78
4952.47
2779.61
6553.37
8596.83
8676.92
1659.97
7300.90
6788.91
8339.06
3094.30
4082.95
3679.28
7433.68
8887.51
2315.54
1619.12
6142.21
3899.41
1897.80
8286.81
8687.12
8852.91
2140.76
1317.86
5213.38
616.23
164.83
3630.79
5628.11
432.27
9562.67
1781.73
5845.72
3465.81
5912.17
7339.43
2581.40
5846.43
3628.49
5571.50
5020.82
716.95
2441.46
1171.07
6111.92
7300.28
5206.07
9609.44
1351.56
237.80
9805.19
419.46
1039.46
6840.72
4077.26
7366.46
2793.15
2298.11
2521.30
5464.43
3690.53
7453.23
1111.83
2102.57
5433.69
4959.30
1121.79
6718.77
8533.39
6322.22
3207.11
7350.07
7356.81
5178.62
4955.40
6804.63
6964.32
8066.35
9316.59
1859.21
4662.70
7591.87
7579.14
9333.37
2254.27
9692.38
9841.24
4539.15
252.64
6692.00
7864.32
5550.91
2790.43
5531.56
965.46
8778.91
9396.64
7310.36
1540.85
8654.68
1490.57
1566.86
2980.40
8013.97
9586.80
5088.05
7847.82
4896.92
1815.32
8224.34
147.50
8354.63
2715.51
6970.20
5540.47
674.60
5482.79
5776.01
9031.21
6917.89
4485.84
3367.22
7841.86
3633.77
176.20
5433.82
2822.57
8915.81
4260.39
4180.79
1218.39
4218.81
30.47
8138.04
3507.49
1529.08
7870.01
975.18
3725.23
7849.71
3337.58
3966.07
2357.08
7157.34
4695.04
229.14
7623.52
940.73
7493.82
8148.85
7632.25
6659.13
2612.91
1042.25
3252.66
7536.05
2249.40
8775.42
9529.31
7072.21
5707.89
5619.20
6746.99
8098.62
7416.44
4518.59
8965.69
1017.12
6448.54
1446.72
8813.35
4446.59
6120.92
2333.17
6985.42
5484.87
7241.79
72.90
6915.44
3010.16
1438.29
7944.02
8011.88
5077.86
9834.22
6517.78
5745.38
4235.25
719.43
3558.91
7550.72
353.87
3032.26
5290.06
9404.39
8598.13
9456.00
2803.19
9913.12
445.30
4249.30
9797.27
5720.03
7087.36
70.29
2283.13
5920.11
6935.21
7841.18
3891.50
7355.87
3381.11
9622.95
5453.77
8920.19
1563.84
2197.55
8512.96
3353.77
4323.07
1988.86
8629.33
6966.97
551.69
1915.47
474.29
1320.82
5942.13
3879.84
8704.04
7759.42
5702.01
2744.38
4637.24
669.29
7325.63
9778.53
3626.58
7432.91
423.20
4831.40
4390.16
9260.66
7699.00
2427.76
4578.89
2727.37
2966.39
439.92
6596.43
6027.79
7542.38
536.08
4756.24
1471.05
3072.77
1653.63
369.38
1007.36
5667.95
2028.15
1549.15
3063.08
3523.45
861.36
9260.86
732.35
7559.82
7917.61
7018.31
3411.74
5083.52
8468.82
3426.23
9336.43
9694.70
2159.48
2839.94
2648.14
8677.32
3376.85
3951.71
6263.57
4486.87
2761.97
3555.04
6683.16
1406.70
5157.70
2257.92
591.25
2460.74
8863.93
9818.03
2770.36
4260.66
2840.98
9508.21
437.57
3805.55
3541.68
5033.99
2128.37
9827.34
9855.99
9238.27
2366.05
5013.97
6434.72
1373.73
6588.06
7240.22
3438.32
5683.45
1246.02
9362.04
5913.61
3027.30
3530.30
960.56
1723.80
7033.71
8586.90
161.13
5728.06
2840.36
4671.76
4649.21
4842.83
8676.21
4089.13
6767.94
2092.38
1097.75
1008.39
8255.65
3712.95
3682.97
590.13
153.38
322.23
3235.49
7762.86
9119.25
7747.83
2208.48
1774.94
2763.95
8087.57
4787.05
7626.63
759.96
7031.58
4746.03
7120.54
3459.31
351.54
6326.98
5710.92
579.12
1105.00
8141.26
3447.41
9694.25
5393.51
7785.21
5553.56
4816.97
3911.90
2231.52
1560.84
5224.32
4209.65
2329.66
8538.73
7323.38
5966.05
5860.80
6729.29
4432.43
9299.88
4067.86
9901.20
674.28
377.47
4594.00
1935.25
657.89
4077.90
2372.26
3679.94
3248.97
559.39
5662.29
8351.60
7753.26
6116.40
8521.88
421.80
3109.62
7941.88
6740.32
9213.51
2260.35
398.38
639.84
7668.07
9547.03
9679.14
2593.21
9679.16
4961.21
3181.46
5251.11
5970.48
2497.82
1906.11
1091.91
697.59
6443.05
1865.49
9458.71
2754.16
8546.44
4676.10
5383.69
2257.06
9728.24
6086.51
345.36
1115.88
7582.81
4137.78
5449.53
3868.29
4140.87
6505.71
7606.79
7521.77
7103.86
6854.11
1974.08
2270.18
8558.43
6982.04
6340.70
9529.51
1636.98
9217.94
7900.55
6381.65
1889.10
5060.51
1377.33
3496.01
441.75
9614.36
2296.38
542.99
787.31
742.50
2218.81
2292.39
6299.17
2755.63
7446.24
4997.18
4593.13
4834.75
748.80
4080.53
9384.35
9076.11
2723.20
5304.79
8583.15
1565.16
8949.02
659.78
8811.66
9686.93
7837.52
3883.98
1683.84
1388.29
2144.64
80.49
4819.96
2383.94
3313.77
9428.76
9714.39
6372.53
3947.56
4990.09
9245.22
4899.63
971.60
7384.99
6497.51
1306.74
3971.94
9713.93
468.76
6008.82
1641.93
428.27
2013.56
4178.56
1078.95
8590.64
4967.32
2610.54
1799.63
1716.34
9666.59
2195.69
8319.01
3067.73
5650.94
9142.06
3427.45
8758.24
8910.29
1184.54
6188.04
1099.90
1714.96
8058.51
649.01
502.71
1886.27
9920.48
2027.81
405.33
2517.23
4770.40
1911.40
1210.75
6671.35
8454.47
1575.90
636.93
3591.19
9204.39
9833.14
2007.29
4989.52
9672.09
8382.59
6631.68
8821.42
6900.18
6781.14
4753.11
7158.60
7003.71
1518.57
8890.59
6461.56
567.45
6415.99
1902.82
8103.13
9364.90
4354.86
1290.95
6842.07
7795.17
1405.95
6530.82
2301.70
1640.30
3977.74
3261.33
91.71
460.28
8371.19
500.24
1492.94
7931.65
1662.42
8566.82
5532.90
6279.17
1135.76
2790.58
9627.08
3732.67
6127.32
252.75
8779.05
2682.51
5661.27
5520.00
7181.31
3638.42
5706.67
5586.53
8372.40
6665.66
539.08
7189.28
9495.31
7368.59
4362.87
9311.00
724.45
7594.15
4693.05
2091.42
1096.33
4701.39
3870.66
8583.79
1672.48
7057.16
7865.40
3558.68
5099.38
3195.22
7057.55
6223.46
8654.23
8275.56
1092.67
7212.38
9230.23
8663.35
9986.02
8428.26
2881.18
3814.86
8882.78
370.05
5230.05
118.08
3500.17
2484.99
896.83
4366.46
2464.53
5292.59
7640.33
8557.17
7102.68
1706.72
3976.67
2625.01
7500.28
5200.92
8744.57
832.37
500.76
8693.00
1380.46
9299.97
7330.62
8147.30
748.44
3974.42
7482.83
8569.86
8067.54
6361.25
5152.22
8569.62
97.92
6290.33
3007.37
5627.77
6865.11
9225.52
1731.22
2232.63
5812.11
7227.34
9838.31
2112.24
2796.19
9991.18
1415.50
8405.69
6577.93
8468.23
3494.26
5933.78
6943.91
9625.29
2617.93
8644.58
150.70
2723.25
9331.20
2840.57
2473.79
3971.84
6151.70
1739.90
1072.81
365.72
881.69
2436.70
4039.73
8698.78
6158.60
8654.31
3916.98
2055.10
8639.23
3128.15
7636.61
2548.58
138.30
8547.84
3766.58
8774.80
7769.18
2600.07
6175.25
3973.55
3273.01
5407.54
8397.22
1678.26
5819.07
2760.76
8260.37
8227.14
599.40
7910.01
5980.39
8742.51
8740.19
5760.95
1440.59
1233.86
5793.59
2222.50
9408.42
8002.46
1984.64
8930.09
8849.28
71.62
2278.74
9084.75
9096.80
3574.56
4828.50
4196.63
3522.64
8983.98
304.71
8756.32
1135.07
6760.08
853.19
700.66
9506.61
7097.47
830.99
8732.91
7331.18
3133.73
1815.11
2061.55
8942.11
591.54
4301.67
3145.96
7825.75
9178.92
9201.55
4542.87
3169.76
3184.52
8361.76
2623.93
7734.68
5540.48
6399.68
8147.70
9818.44
9376.91
2800.74
2628.26
4862.17
7504.80
1950.84
9873.63
8373.93
2165.99
4494.28
2237.05
2951.22
9939.62
7259.47
1421.98
5568.88
5219.13
1729.13
1854.94
9390.78
7777.54
8771.47
2445.43
3718.09
1663.42
2533.75
8157.42
5696.85
3729.03
9522.72
2724.41
9510.14
6255.60
9000.31
110.19
2457.56
4294.35
3015.11
5417.91
6173.99
3095.39
9462.61
8375.69
9816.72
3638.58
7534.53
7536.60
6726.66
1645.75
1741.72
1325.14
2408.18
5143.16
20.08
4893.27
7232.16
8901.20
9785.95
5524.75
918.07
9116.21
7622.72
7048.99
6199.41
4340.72
760.76
2370.07
3185.49
9435.86
1569.94
3315.55
2296.90
7008.81
8918.80
2412.98
8516.67
632.18
7026.32
6020.57
1440.38
8317.69
1617.76
9222.50
1565.07
1770.44
1430.22
8833.35
6829.68
1905.60
4262.45
950.62
9417.63
5221.14
506.02
2157.88
1563.41
272.83
3553.99
2497.43
9924.34
3309.56
4283.75
8703.10
3592.99
3567.27
2431.84
5995.49
6029.27
5401.13
3734.08
7803.26
6815.10
8996.06
7790.70
5754.41
7935.46
6236.60
2328.26
7590.13
6479.85
1299.56
3722.84
4274.89
3592.95
252.82
7134.09
2709.32
1972.50
8769.29
2001.03
4425.22
6404.37
8222.94
5909.82
4797.60
9452.01
9892.93
5952.90
2692.35
2946.88
1575.99
2042.86
5732.50
7410.44
2128.50
307.80
1351.80
6205.49
3500.99
5659.71
9805.91
9301.39
2395.82
2311.16
7256.59
4995.33
498.06
1779.21
4207.44
9105.53
937.99
8810.41
1244.28
8272.98
7325.54
3120.89
6734.62
8420.96
5647.77
9049.65
4151.85
9011.71
6404.84
1647.21
9039.29
5865.48
7011.13
64.20
8991.69
4679.14
7674.77
9053.57
1575.84
2031.19
282.97
7789.01
4201.25
8794.21
6934.17
3399.22
1308.79
6563.13
4263.64
5836.83
4121.93
4793.39
4619.18
3435.58
7729.86
960.28
5185.65
7674.88
8405.10
2048.11
3519.57
2468.53
2269.16
5669.44
6557.92
9877.85
3570.38
814.24
3719.98
2688.36
1539.20
558.27
270.74
1530.47
9636.58
1006.17
5848.28
1804.41
5050.17
6024.50
9852.76
4085.83
6145.65
3309.34
1558.77
7990.32
5686.54
81.61
3705.56
4164.30
2637.39
9034.92
168.57
9737.70
7420.78
4997.46
60.98
643.88
830.90
5680.76
2978.15
1427.45
3026.48
6081.21
217.07
4064.79
7865.10
6797.67
2680.05
7650.25
4555.14
1090.96
5190.40
2647.44
1250.45
8622.38
9376.44
9841.03
1054.74
3478.08
23.98
1702.36
4879.14
560.18
4448.40
5070.13
1806.31
105.09
3202.59
2409.88
5669.18
1199.52
411.95
983.99
210.63
4488.37
9899.03
6766.36
648.49
2185.66
9255.30
3511.06
862.15
8976.04
1383.10
6993.86
2526.80
5307.27
6761.09
124.16
1735.64
2463.32
2108.28
2624.76
6780.65
6370.10
1909.47
6468.69
1891.43
6401.77
5278.23
1607.33
6598.61
8443.18
7362.58
682.34
885.45
2515.29
2706.54
4628.10
5058.31
7874.58
8244.98
5581.96
8628.11
4978.05
8686.92
1747.82
1140.71
8165.90
479.18
6360.61
3715.30
6428.45
8774.60
114.97
9139.03
4289.67
7881.64
2778.78
7753.34
141.75
9200.19
8285.83
2977.10
4866.22
1560.05
9006.02
1994.26
515.71
5648.00
7330.78
86.25
4342.36
8703.93
3667.28
587.46
1849.19
5436.38
9614.15
7413.64
4538.34
3684.98
2452.52
6593.63
9454.11
5223.28
6508.31
6372.57
4059.77
2380.01
7536.28
8626.69
1198.46
4265.57
572.18
6087.40
8774.94
4347.87
2514.04
1329.19
7990.82
2116.02
7097.27
1108.50
2295.78
8840.12
8425.49
6933.12
4884.10
9119.86
5216.25
815.93
6460.15
5911.94
8689.13
1890.31
3700.43
3039.16
4991.62
9279.37
3506.08
9036.13
9590.91
1821.67
4131.46
6151.36
4051.99
8055.72
4854.52
685.76
2455.59
5835.87
2526.67
1887.67
8072.33
6044.42
7748.46
4944.02
5199.87
3169.18
1299.31
841.90
4027.64
8900.73
4042.73
312.28
8973.86
6437.58
478.36
7420.54
7898.91
6740.05
2373.81
2331.73
4173.92
3802.96
1580.87
4156.33
9618.05
4625.16
4178.91
4686.20
5387.67
3303.42
6395.80
8351.19
783.20
3039.22
3102.83
5221.95
4646.59
1183.91
4694.81
8089.21
671.69
8372.04
3781.64
9191.50
826.01
8985.17
1948.38
9952.96
1182.65
2324.72
1253.31
8664.35
8436.34
186.73
7034.25
1192.77
4553.64
693.95
1435.95
8540.23
2560.48
677.16
7179.95
5750.66
3838.97
8316.92
2675.50
8730.71
6573.27
2016.39
6750.44
4736.99
7850.27
6781.67
1323.97
165.83
5383.65
4673.95
9423.78
5834.41
4409.84
7678.34
1584.10
2515.09
4843.42
9131.33
5899.37
6553.49
8057.89
2003.17
7695.96
3593.38
533.35
2981.90
4384.63
243.69
534.54
1715.06
3333.26
908.62
9940.41
323.54
1066.20
5500.96
190.42
3601.61
398.27
8305.72
5700.38
9482.96
7830.34
3882.37
3533.64
3602.68
2264.54
7516.14
546.18
9023.92
7201.50
8689.76
7409.74
3452.70
7648.75
340.00
7787.15
9928.58
1129.24
1606.35
9478.33
6692.00
6627.03
8045.17
1788.28
8840.49
2090.62
1487.65
394.34
3614.02
9421.63
1227.43
146.65
3014.76
5713.72
2064.53
8121.06
1745.01
4733.84
916.27
8010.20
790.18
6348.36
1359.39
6273.65
783.31
9598.63
4589.25
3648.20
9308.02
1382.99
7696.20
8430.58
1392.60
493.25
1115.67
5539.05
4991.79
654.01
2952.77
5854.08
9063.22
2121.91
4003.74
4543.04
4020.08
5233.04
1965.04
1357.57
2905.13
2349.66
6346.67
1617.87
4510.63
6826.24
243.32
1929.26
1661.23
999.08
6837.86
3830.70
2531.86
8264.27
1056.36
4303.35
6501.56
8180.88
6409.25
1003.35
7049.56
3975.21
8232.20
9274.15
1961.69
8608.53
4250.92
4493.65
4868.47
468.56
3248.90
1114.85
1500.32
2090.55
1054.41
2137.75
2185.28
4045.53
174.01
810.31
6292.18
157.10
5659.97
3197.66
5693.56
8510.60
2310.72
2087.58
7398.75
4855.37
9364.89
7140.97
6901.04
116.90
7581.99
2511.59
4550.44
916.08
4271.42
5820.44
4310.97
3580.46
3033.27
5039.38
8329.35
4547.52
5905.08
5650.21
8358.64
9796.83
8527.09
2963.78
2342.76
4527.18
1551.64
4691.27
200.42
5240.38
1234.71
5928.34
304.85
2070.63
9037.41
988.26
5587.36
6293.25
9337.32
3804.28
4381.94
1924.92
7218.14
6890.79
1947.47
3112.69
6521.51
5468.49
2273.17
3928.11
8146.37
5690.16
2261.03
1183.90
7366.37
2052.46
8322.02
2413.95
321.71
410.21
3846.23
5190.82
1221.89
3585.19
5060.74
2225.46
869.12
8741.31
4995.07
3338.61
987.25
2241.59
8158.19
8129.98
2628.54
7993.68
6530.35
6761.69
9758.43
1121.69
4131.22
3593.66
1409.54
8339.32
6742.34
9998.66
9603.43
5357.95
3592.55
1272.89
9698.52
6064.64
3574.31
1480.62
9278.70
6435.22
7891.11
1337.47
9451.50
7438.78
630.61
8468.46
6404.34
8831.38
3433.68
9641.65
883.57
264.18
427.83
301.10
714.70
1567.62
1087.46
519.39
2942.62
7132.57
2730.20
8882.52
7302.77
9311.05
6665.07
6638.00
1024.61
984.61
7177.47
8079.69
8797.39
5004.01
1404.83
7340.09
1920.52
3271.82
2683.58
9746.48
306.25
2661.04
6911.72
5726.17
4289.32
9527.89
6855.31
1430.73
973.48
7220.12
1173.34
8065.98
6377.53
8150.64
3072.81
6858.75
3376.98
1193.05
2435.50
8737.77
4797.33
3647.27
1597.98
8106.04
6786.03
670.31
1824.26
9021.59
2866.01
6048.39
3890.75
1620.52
6567.56
1971.74
1679.15
2031.26
3229.37
1383.26
3716.65
5923.53
5733.78
5954.52
3269.13
7671.93
8963.99
4927.75
4232.17
3798.43
9888.22
7435.06
9416.25
3105.83
6825.52
6151.66
7396.00
1066.24
6638.54
1193.01
1757.61
8777.44
7731.93
1962.97
8907.35
458.25
9906.62
3081.53
6137.93
2285.16
8.86
8887.87
4228.59
1477.98
3812.11
8185.97
3712.27
2698.30
1563.25
3545.97
9059.12
4263.49
4214.42
5317.36
6968.87
9964.34
4834.55
1439.94
5981.81
4541.66
8127.00
7947.52
7429.55
2625.21
5570.76
8052.21
6007.50
7941.15
4196.31
9767.30
8909.59
9366.60
7776.38
3175.50
3526.32
9402.69
3177.11
3479.79
1381.72
120.60
1425.66
7539.83
1248.35
5356.00
3955.05
1272.08
3601.12
4852.63
170.92
1607.48
7912.58
805.85
1879.66
4230.45
1447.64
1270.04
1824.83
3278.90
2613.44
7668.59
4155.35
1118.72
8396.07
2540.17
3303.37
4535.06
7595.92
9092.44
5412.62
3326.50
9844.61
531.20
2182.82
5757.74
879.37
8869.56
6486.39
2579.84
4213.57
5224.48
560.33
5135.43
134.58
7441.86
438.95
8649.19
4500.88
7959.52
2779.92
1913.00
1461.62
1319.71
3657.95
2605.68
7685.91
4686.92
2508.76
4103.68
6033.59
1859.57
181.32
1757.07
7982.53
906.60
3848.77
3432.59
4416.18
7442.93
6639.24
134.42
7315.28
9384.91
4580.98
1352.51
438.61
1185.55
1658.43
8964.98
4730.15
7861.77
9413.37
5683.36
7207.95
2494.21
189.14
6084.20
3480.07
2301.39
2160.66
4936.59
362.74
2629.19
4605.02
7492.01
9361.92
4606.18
4521.76
7715.77
1939.63
7331.67
4558.89
2289.78
2267.83
4789.39
9959.53
3201.20
232.99
694.66
8085.86
9319.23
8363.82
2526.08
5245.66
8862.24
892.51
5642.24
2088.12
9796.50
3333.37
1032.36
8178.67
8169.91
7414.56
2716.59
1115.75
100.64
5631.74
5838.13
1449.50
3838.17
2681.39
3945.91
2307.81
4405.02
7582.29
2509.57
8040.52
5546.55
5612.85
4399.38
7574.17
243.21
2470.08
1588.51
1252.41
7642.82
4403.26
1593.49
9608.94
2828.93
6717.47
1838.38
4561.55
1322.24
1475.77
4279.24
1295.32
8300.81
4824.12
5194.14
1030.55
3417.49
6721.98
6307.20
5567.92
9297.12
5387.59
4466.27
3783.62
4099.71
7987.81
956.11
2670.75
343.96
6043.97
6598.72
3720.12
1829.05
6012.93
334.10
1087.14
6188.06
8415.20
3138.17
0.59
8300.66
6611.62
5862.10
346.07
6124.46
4122.64
9650.07
514.00
4453.99
7755.72
4289.98
8097.38
629.51
6962.75
1732.47
1300.03
957.72
7915.69
1565.38
6763.20
7379.40
1691.34
2724.79
859.10
7617.74
7607.47
4390.45
6781.10
8964.55
7899.20
1425.66
4028.22
6622.78
7109.45
5161.29
9850.82
2292.13
8791.45
2566.94
7996.71
8561.70
8632.82
9684.18
1113.48
8449.15
4435.71
8993.33
5552.44
9063.74
9574.13
2114.58
4095.60
8263.30
2869.89
5983.34
8956.47
2045.19
229.28
6514.01
7792.70
6628.62
2721.32
6813.56
4263.04
2960.71
2569.84
721.45
5009.92
9141.81
6014.80
5383.94
6260.42
3741.18
3047.26
2362.55
8376.32
6422.16
783.22
91.15
5113.03
513.46
756.23
2108.91
825.20
756.88
4953.48
1542.47
3452.92
4073.90
8533.64
4771.15
1610.96
1037.98
9586.19
1332.43
5776.81
4834.69
6207.50
7469.39
4638.53
9853.99
3823.14
6996.44
3403.36
4377.84
3848.22
4117.65
5565.88
4594.51
6436.49
4177.11
481.14
3787.07
8403.33
6362.09
6729.07
3465.88
4167.50
5417.13
8937.56
741.15
8023.64
6376.33
6569.10
430.15
8813.97
2329.35
8951.82
6149.85
5928.32
1181.38
3938.98
6767.97
6634.12
6077.62
9439.62
2934.55
4731.74
7589.60
4744.96
6632.95
1604.94
5091.16
7464.32
5446.57
309.54
7149.01
9664.81
6918.58
7584.12
8312.76
2549.71
5474.08
587.55
9394.93
2928.83
9431.86
4338.98
1833.56
3324.50
4423.42
7715.00
2321.90
7260.77
296.29
2480.81
1522.18
5234.71
6563.71
1312.96
9032.97
6057.14
9813.12
3951.15
290.46
9324.90
6737.16
6185.19
4819.38
2173.82
5260.68
6963.05
708.64
1647.85
847.35
34.09
1039.10
1788.35
7977.62
9250.38
2726.79
2048.45
794.52
1168.44
3898.23
9804.24
8313.58
8544.18
2004.99
8036.38
7728.20
4520.58
1088.86
4336.92
571.15
9219.51
2540.33
1871.75
4220.17
8287.70
6110.72
2112.03
3481.44
2144.81
3308.54
8903.63
284.75
2715.90
4913.53
639.70
690.47
7483.18
8734.59
4658.11
1086.07
5039.04
6375.86
7618.55
1235.01
7322.01
3650.37
4243.22
3581.75
7202.43
5548.85
9726.57
6184.62
2306.27
4835.26
64.55
9143.46
6328.09
4141.11
4793.19
8495.29
6583.44
2128.73
606.51
6362.92
5206.71
2695.36
583.77
8580.61
9359.17
5508.73
4306.41
897.51
1697.66
5528.06
1438.36
1397.56
8767.24
3436.89
5569.92
9355.58
5822.19
5052.70
1522.90
3087.03
8955.82
2711.56
783.14
5299.38
867.79
5648.08
8073.86
2525.11
5657.46
2336.65
7731.83
9735.34
3859.47
5218.61
6343.59
5199.77
8813.36
9541.07
528.14
3285.77
9893.36
6285.63
7313.85
1984.09
909.98
1955.22
1181.06
6664.75
461.71
3088.99
5405.17
1325.98
1294.75
3622.71
8989.88
6703.42
544.12
3752.33
1727.49
5252.67
5589.24
2717.27
3798.07
2981.66
2483.58
9696.79
4556.36
4321.78
6166.21
947.03
3709.54
9385.96
9227.69
9959.22
3210.33
5330.23
5398.20
645.56
23.03
3510.82
350.97
601.82
669.20
1796.57
7836.13
5874.71
3257.30
7147.64
1455.21
2419.44
1915.30
1666.19
6219.65
2901.34
9783.17
9524.99
197.64
6963.91
7176.81
5036.36
8120.42
4524.52
8920.73
2253.32
5684.37
8709.93
713.00
7389.83
3034.64
8404.59
4031.39
1509.17
33.19
8310.10
2996.94
4546.78
3476.85
4154.69
1315.75
7879.50
5009.37
4772.77
109.39
377.10
3771.05
7210.46
1975.63
1938.33
5273.10
1466.79
8074.44
2815.39
4997.10
4851.58
3777.32
258.30
4398.60
3847.42
5022.83
7728.87
8231.96
9440.84
2150.54
1427.70
8742.37
4391.91
8913.51
6010.72
3958.01
2302.32
1739.75
8228.07
1765.72
312.86
2470.67
7449.97
854.65
8044.43
8581.44
881.48
5135.19
6806.45
4738.67
9514.56
3500.61
6725.14
585.74
3686.49
1355.47
302.81
7722.33
2299.17
9023.91
1575.34
3547.05
2114.80
9325.65
5101.54
4100.20
697.99
1410.16
9471.40
5026.99
3905.84
3131.22
6624.09
1540.23
1488.21
6459.11
1417.17
5889.40
6160.41
8056.35
7429.72
1040.69
3374.74
1182.08
7492.59
2494.59
6443.33
8923.17
6616.04
1244.50
671.09
9825.46
4555.29
2702.63
8801.67
5479.09
3079.37
7854.80
576.07
7112.70
2267.93
9750.66
7006.15
5203.04
3213.69
2409.97
7488.07
7658.33
5267.81
2107.16
6735.59
3155.50
1401.61
8933.87
6249.29
1977.18
6414.81
9042.31
8817.74
5852.42
7719.93
7172.50
8795.41
8669.03
8971.69
480.52
8641.08
7283.16
117.34
5853.95
7392.57
425.55
2612.04
3641.76
3243.18
9390.12
3198.71
389.31
5128.62
3443.67
5609.62
3524.87
2414.34
1472.09
8705.94
2288.76
3613.09
1743.07
6374.56
612.51
1942.48
1744.79
2154.43
707.01
6239.51
2739.24
9031.75
6896.44
6864.54
1201.22
3319.89
4627.41
7576.28
9860.12
8810.40
8043.49
1945.64
3482.60
3315.65
3334.52
6632.78
6423.63
379.36
8347.49
1086.79
4895.35
7405.41
8593.72
90.19
8880.71
3865.40
9509.62
3340.52
2582.30
2082.02
6199.84
1723.49
7300.56
863.50
5582.96
7856.13
82.12
7245.56
2624.51
1177.48
7545.32
8315.49
5146.53
1591.34
4425.80
3917.61
1022.33
8912.96
52.95
2826.00
2864.18
862.24
4465.72
4718.17
8952.63
5614.77
9242.62
4537.06
6115.24
9682.57
3502.53
4349.98
3314.02
2048.74
9535.91
5908.46
1018.15
4080.73
389.52
1768.49
3602.68
1857.62
4761.19
2201.28
1832.09
4277.66
11.82
1739.78
9612.32
6961.39
9708.46
885.28
8051.91
2398.51
2069.44
1475.23
854.21
347.53
6767.77
2116.77
2736.81
8488.27
3256.19
5581.44
9172.35
3164.71
4708.10
293.31
4068.21
2688.75
9434.60
8679.23
8779.88
2434.32
867.33
5155.27
292.16
180.42
7182.32
2669.20
577.59
4922.15
6079.88
572.50
197.51
5503.23
8747.64
9356.09
8170.99
4224.03
1773.99
2253.62
2524.94
3663.71
8677.49
2625.71
3435.52
7409.42
4.72
5458.26
7517.91
8913.38
3681.40
5082.22
1914.23
1035.36
1607.47
5481.76
4638.94
6930.01
6500.77
7907.76
5611.37
555.84
7307.05
7055.10
1973.26
6367.21
851.23
4729.77
2852.68
1869.29
5431.28
1441.47
9477.38
2726.48
1284.81
2106.91
457.36
7967.02
3454.89
7531.66
2228.43
4370.38
8746.38
2770.71
8687.06
7709.06
7413.52
7868.58
9831.80
7473.24
9372.46
3342.17
6188.75
8004.51
6850.70
1887.34
7971.00
4800.44
4958.29
2043.42
1540.48
8755.85
3594.45
2562.42
2285.09
9581.34
677.05
870.01
5437.19
7172.83
2241.21
721.03
2681.87
7059.27
2790.92
7149.44
8395.43
1654.16
8494.88
6155.06
7214.88
3904.13
6358.85
5708.31
5699.99
2262.42
4547.66
4699.68
863.69
4226.35
187.42
9361.41
8955.44
9504.06
200.81
2110.02
483.83
4516.57
8376.61
8311.11
9959.85
978.69
8864.49
2851.73
5277.78
1364.13
4196.17
1709.03
6716.37
7384.96
2512.79
2262.98
1747.92
1936.54
1635.60
8127.22
6688.15
240.31
9391.65
7043.39
9706.50
4451.97
4810.39
3899.20
6200.10
6822.49
5568.88
5736.35
4455.21
8667.25
1214.67
5741.55
3687.34
6184.25
504.00
6433.97
4494.89
9750.85
3892.49
4626.88
2948.61
1330.93
2445.66
7261.68
7542.76
895.82
8530.82
1799.47
9780.50
6930.10
3988.20
1319.91
2707.38
1669.39
3483.11
6489.49
763.16
5333.48
866.62
7165.98
3737.66
9555.99
7942.97
8086.76
3742.15
1510.02
731.18
2060.10
3966.42
9368.82
7495.73
2154.25
3.12
773.67
5957.40
8608.99
6792.06
9263.14
5683.83
5378.41
1982.13
6477.17
1796.34
9080.84
6154.50
5687.95
4479.02
4348.79
6516.85
507.93
1950.20
2047.62
1482.46
3851.90
928.38
3892.07
5323.63
9293.64
5656.63
1170.96
941.11
5450.25
5932.55
4167.56
7175.39
2143.98
8790.73
1840.20
3607.36
9135.19
9190.76
2834.92
6686.26
6639.14
5422.91
9956.31
8255.48
2697.12
2453.72
5539.75
5412.86
6970.51
2757.92
6877.19
9993.69
1844.22
8925.30
8086.91
4478.95
9948.63
8847.84
9893.27
9049.52
2380.88
2051.13
2456.72
146.69
2722.47
3074.58
4412.82
2949.69
688.82
460.24
7286.40
900.99
1562.72
1091.63
5501.59
5299.82
6971.18
141.62
7278.55
4090.06
4657.42
838.64
4535.09
6886.32
1900.08
1531.61
1980.92
1944.41
5811.96
4721.72
2437.20
2772.03
2623.25
2316.83
2429.17
979.47
8941.25
7320.33
7396.80
8930.21
1552.70
7284.39
5470.05
3553.24
6237.83
4177.70
883.44
5493.15
7470.29
503.31
397.21
38.17
960.07
5665.00
1517.20
7233.41
4309.71
7500.04
4966.22
3767.87
2834.14
1308.39
9392.45
8509.22
3330.43
6807.47
7574.16
7050.03
8081.96
6424.24
5481.33
3740.97
7441.36
6606.21
7739.92
6116.07
4809.24
5370.13
2116.15
7893.95
4001.42
3508.23
2113.88
8824.71
1351.97
4790.14
704.29
1419.95
2974.22
9199.78
3893.45
7917.32
586.81
258.81
504.89
740.48
2501.30
1989.07
3300.76
3192.83
6572.05
3363.70
6970.70
1493.79
4914.46
8986.15
3596.56
4749.10
7805.81
45.15
1602.15
7939.55
2756.72
6579.30
489.25
3473.08
7687.48
2150.08
1359.23
8979.67
8183.56
2613.91
8152.42
5978.92
7785.49
5138.75
3596.85
3098.69
6216.27
709.46
8630.25
2316.82
8928.78
5800.64
9319.73
7148.73
2452.54
8600.51
3393.02
6460.03
3832.00
1658.08
3660.72
1920.42
776.15
5220.61
2741.46
2320.81
5439.80
832.61
6362.11
297.19
1073.46
109.96
6287.08
380.36
1234.83
7597.15
5644.23
5597.93
8012.53
3895.68
6204.03
950.80
4348.97
6711.76
832.41
2049.95
2149.27
3241.43
3866.48
7410.17
3421.37
5586.17
691.30
811.52
1483.52
6855.43
9701.21
5621.61
9231.66
4772.73
9441.47
445.93
1930.22
439.99
8762.55
5477.10
6882.66
8434.16
8.01
6335.77
6735.16
7164.54
2279.70
7542.06
113.22
3760.00
8965.22
1157.47
6951.18
9852.55
904.36
1837.21
713.98
8052.40
8709.17
900.01
223.13
9757.52
5818.34
1712.68
1768.25
7058.61
9013.73
9808.20
4660.59
5971.22
8586.47
3700.52
4298.62
6529.35
3665.41
2560.92
387.72
4211.74
2262.35
1388.71
9885.31
2691.75
2023.48
8583.15
1722.57
6226.33
5705.53
3135.77
702.77
6128.99
2884.78
7627.53
4884.80
3045.12
1922.83
850.07
4905.93
8859.88
6037.44
5153.73
4015.17
2689.04
3454.97
9401.42
2203.23
8218.86
4438.79
670.94
584.58
7884.78
5176.57
2633.39
3714.22
5633.26
4693.68
6519.34
9404.02
9305.07
1391.35
1080.59
299.13
1574.66
1999.40
2817.57
808.84
7759.68
8000.54
1370.32
9650.58
494.06
8929.36
5168.13
9433.73
194.66
1910.68
5012.14
164.82
2381.95
2071.33
7915.91
8092.64
1879.34
3664.76
6108.54
5263.70
1097.59
8047.45
1845.24
4863.16
4115.24
234.39
9062.26
1728.30
1463.23
1222.79
9140.44
1421.70
8555.11
9345.45
760.13
2323.57
1435.43
4185.70
3854.85
5668.17
5.46
1650.72
2118.18
1366.54
7051.76
7157.73
2390.04
1761.64
6276.92
3979.21
1957.49
1813.07
1212.32
9542.63
6754.85
1041.88
367.49
9816.36
1323.51
4669.05
4786.08
9338.92
5655.95
6530.04
938.85
3175.43
2892.05
3932.09
9234.20
1918.21
7129.48
6623.31
1722.66
8451.74
3150.21
911.03
2179.89
3902.18
6879.08
2358.78
308.54
1531.31
2245.99
2562.41
1720.85
4713.18
2588.70
7269.48
8621.92
6875.78
6790.60
1347.61
4151.76
8746.53
567.40
2327.00
9563.14
320.13
2487.45
3566.18
7828.63
1391.45
1763.15
9818.71
1329.34
7240.84
5228.39
6449.50
261.12
5668.05
9478.23
8732.12
1286.71
5343.66
9883.00
2024.05
287.08
1016.95
7078.82
4792.86
7518.19
4530.73
2472.96
5905.38
3014.95
998.92
166.61
3084.54
5470.43
7998.73
3416.88
2232.04
304.26
5484.14
3675.76
1926.47
3963.00
6561.68
785.05
5851.89
1250.39
6662.16
204.58
8881.56
1210.43
5287.34
1399.00
9398.74
2656.11
9523.89
8797.05
172.33
385.77
9517.74
6223.15
8871.28
6752.17
5726.21
5426.89
530.48
7779.63
7041.89
399.69
3482.72
598.73
693.20
2402.77
466.53
8375.74
4111.38
8635.37
2301.74
408.17
3013.25
2688.67
4423.49
1857.55
3156.27
8009.28
6429.12
955.80
2154.84
8242.08
4656.10
1398.62
4957.52
589.25
1621.39
8820.15
4483.30
9869.72
8936.12
7531.18
1895.80
76.79
1093.40
9031.86
9899.36
1094.45
6574.32
1397.07
8432.88
3980.34
2600.68
2153.39
6160.15
8642.24
6125.79
7994.41
1588.22
3473.95
5083.64
3697.94
2750.45
3990.10
2036.15
1117.55
4817.95
8961.87
1916.96
1826.72
9667.01
1703.75
7262.93
6613.32
3394.11
1632.19
6920.15
2305.63
2365.85
3753.57
3306.44
1782.07
4454.00
1171.45
8235.88
7285.83
9462.23
7235.84
2835.19
4165.19
4073.78
3472.97
9874.25
3008.06
5998.18
1000.79
6328.02
3719.19
4985.75
8347.08
3899.38
1994.60
2833.25
9982.13
2549.55
6065.50
5985.68
1706.11
899.14
7974.87
971.76
1835.39
9030.66
4664.62
7952.37
5409.39
3238.00
218.11
9898.67
2946.56
2554.24
2370.25
1554.35
69.46
4465.39
7402.26
202.37
3384.35
1325.06
9763.66
2197.13
9372.44
2562.58
9165.64
6378.82
148.82
987.46
7775.63
3269.81
7786.26
3190.42
2741.58
9445.27
9338.01
6803.56
6029.09
9391.11
5509.97
9097.22
6218.34
8057.17
6639.26
9665.34
7153.73
7520.54
3408.07
1673.02
9007.09
51.49
6103.78
8274.12
657.60
4038.47
4579.07
4818.30
5097.54
9087.65
1256.30
2386.63
7248.47
2460.73
976.84
3729.20
6927.57
3436.16
9416.38
7760.60
5476.39
1777.18
6671.86
2612.17
2468.81
917.60
1098.36
9400.37
7747.33
4610.42
5554.22
2392.94
6333.31
6616.87
500.61
6503.86
9729.18
2778.32
4592.86
5657.44
6865.84
3361.84
1515.90
170.53
1907.62
8856.73
5997.89
7141.83
7234.83
2207.98
1604.95
2189.02
4526.88
5576.39
479.58
2504.70
4232.94
9069.97
1651.42
3375.06
4231.56
4616.91
9418.89
9440.08
1510.48
7353.65
1535.87
1724.14
8387.98
8771.05
9187.24
9225.43
690.90
751.01
4443.08
6913.48
24.85
9672.99
6720.30
1665.52
1216.84
3102.13
1822.62
1227.92
10.13
6563.69
2133.10
5572.11
1462.71
9489.14
1083.14
2359.96
3069.42
7410.45
7064.88
944.91
281.01
566.81
3320.40
3266.99
9960.50
5985.87
8989.45
513.83
1949.58
6426.27
1018.50
6041.60
3487.39
8509.54
633.10
6389.97
5576.28
8153.86
9606.85
2393.92
3447.84
9667.56
450.61
7769.26
9423.55
2769.81
257.46
5199.47
4342.76
2016.28
8636.13
2488.71
310.13
8175.86
8048.57
2376.90
5855.06
306.51
1005.25
9202.73
4099.58
3632.23
295.64
4593.22
569.36
9813.18
6073.17
6786.40
635.27
241.87
2573.91
5127.09
4440.91
6199.61
6165.43
1429.46
2530.42
8654.49
6421.41
2663.47
4513.24
3843.49
6199.10
7737.61
7342.60
6789.09
2597.89
2846.57
6633.08
5704.84
4163.21
7515.03
9747.09
307.32
4947.12
1529.13
5925.00
4418.27
3294.88
247.16
3095.50
3093.11
5794.57
4181.71
1738.05
8318.30
5326.72
9738.56
1583.09
2199.22
3208.23
3599.36
6430.40
1914.67
2663.42
1202.87
736.30
5559.33
6394.04
8692.50
9236.22
8066.91
2703.76
9595.47
2350.15
5234.50